101111111
111111111
111111111
000000000
101100100
000100100
111111111
000000000
111111111
111111111
101000101
101111111
101110111
111111111
000100100
100110100
000000000
101111111
001000000
111111111
100100100
100100100
101111111
111111111
111011000
101111101
111111111
000000100
111111111
110010011
111111111
111111111
111111111
111111111
001000001
101111111
111111111
111111111
000000000
101111101
100100000
110110110
100110100
000000000
101110111
011101011
101110100
111111111
111111111
101001000
000110100
000000000
101111110
101100100
000000000
000000000
111111111
100000100
101111111
101110100
000000000
101110100
101111111
111111111
000000000
001001100
000000000
101111111
100101100
100110110
101110100
000000000
000000000
111111111
000110100
101100101
100110111
100100100
111111111
101111101
101110100
101110100
101110100
000000000
111111111
101111111
111011110
000000000
100000100
111111111
000000000
111111111
000100100
100100100
000000000
111111111
010000100
000000000
111111111
101111111
010000001
111111111
101111111
101110101
111111111
111111111
101100110
111111111
111111111
001100100
111111111
000000000
101110100
100110100
000000000
000000000
100110100
101111111
101110101
000000000
111111111
101100100
101101111
101111111
000000000
000000000
000000000
011011001
100100100
101000100
000000100
000100000
000000000
111111111
111111111
000000000
000000000
111111111
000000000
111111111
111111111
101110100
101110100
100100000
100110110
010001011
110111110
000000000
101110100
101111110
000000000
101111111
101111111
101111101
101111111
100100100
101100100
101111101
111111111
000100100
000100100
111101101
100000010
101111101
111111111
111111111
000000000
111111111
101111111
000000000
101111111
000000000
001100100
100100100
111111111
101100100
000000000
000000000
111111111
101111111
000000000
010000000
000000000
000000000
000000000
111111111
000110100
101101111
111111111
000000000
111111111
111111111
101111111
101111110
000000000
111111111
111111111
111011110
000000000
000000000
110011001
111111111
000000000
111111111
101111111
100000000
111111111
101110101
111111111
101110100
111111111
111111111
101110111
000000000
100111100
101111100
100100110
111111111
111111111
111111111
000000000
000000000
101111100
101110100
111111111
101000011
001100100
011111110
000000000
111111111
111111111
111111111
101111111
100100100
101110100
001100100
101110100
111111111
101110100
101110100
100110100
101110100
100110100
101111101
011010011
001110100
100100100
111111111
111111111
101111110
000000000
101110100
000000000
101111110
101111111
000000000
111111111
111110110
111111111
000000000
101111111
000000000
111111111
000000000
000000000
010000010
000000000
000000000
011100111
111111111
101111100
011101101
111111111
101110100
101111110
100100100
111111111
101111111
110011011
111111111
100110110
111111111
101111111
111111111
111111111
000000000
111111111
000000000
111111111
000000000
000010000
100110100
101111111
000000000
111111111
101010101
111111111
111111111
101111111
000000000
111111111
101111100
000000000
000100100
111111111
111110100
000000000
111111111
111111111
101110100
101100100
111111111
000100100
000100100
111111111
101110101
111111111
111111111
111111111
010000101
111111111
101111110
000000000
001100100
111111111
000000000
000000000
101111111
111111111
111111111
011010101
111111111
101110100
011011101
000000000
101100100
000000000
101110100
111010011
101110000
101110100
000000000
001100100
101110100
111110111
101100100
111111100
101010101
000100100
000100100
000000000
000000000
000000000
101110101
000000000
111111111
000000000
111111111
101110100
101111111
101111111
101000001
000000000
000000000
111111111
000000100
000000000
111111111
111111111
111111111
111110111
111011011
111111111
111111111
101111111
000010100
101100100
101111111
101111111
000000000
111111111
100110100
101010001
101111111
010100000
111111111
101110101
101100100
100100100
000000000
111111111
111111111
111111111
101111111
111111111
100000100
111111111
000000000
101111101
000000000
101111111
100110100
111111111
101101100
000000000
101111111
101111111
001010010
101111100
111010101
100100100
000000000
011101101
000000000
111111111
100110100
101100100
111100111
101110100
101111101
101110100
110111110
101111111
101111110
101111110
101110100
101111110
100100100
101110100
101110100
101110100
101111110
101111111
000100100
101111111
101111111
101111111
101111111
101111111
000000000
101111111
000000000
111111111
101101111
000000000
101110100
111111111
101110100
000000000
111111111
000000000
101110100
000000000
101110100
111111111
101110100
000110100
000000000
111111111
111111111
101110101
101111101
111111111
000000000
101001011
111111111
111110101
000000000
101110100
000000000
000000000
111111111
101110101
000000000
101110101
000100001
101111101
100100100
000000000
101111110
000000000
000100100
101110111
101010010
101111100
101110100
000100100
111011111
000000000
101110100
000000000
101100001
000000000
010001110
000000000
111111111
100000000
010110000
100110001
000000000
000000000
101110100
111111111
000000000
101110100
100100100
101110100
000000000
101000100
000100100
101010001
010000010
101110100
000110100
101110101
100110100
000000000
000000000
000000000
111111111
111111111
100100100
000000000
111111111
000000000
101110100
101110100
000000000
111111110
000000000
001101111
101111111
111111111
111111111
100110100
000000000
101111111
000000000
101110100
000000000
000000000
000000000
000000000
000000000
101100100
111111111
000000000
000000000
000100100
111111111
100100100
101110100
010000001
101110100
111111111
000000000
111111111
100110100
111111111
101110100
100111100
101110100
101110100
111111111
111111101
101011010
101111111
100100100
000000000
101110100
111111111
000100100
101110100
111111111
000000000
000000000
111111111
100100100
000000000
101111111
110011011
111010000
110110100
101110101
000000000
111111111
111111100
111111111
000100000
100110100
101100100
101100100
111111111
001000011
100110100
010000001
010001011
101110100
101110100
100110100
111111111
111111111
101110100
110110111
111111111
111111111
111111111
101110100
111111111
101110100
100110100
111111111
100100100
111111111
000110100
000100100
111111111
100111110
100011111
000000000
111111111
101110110
111001011
000000000
101111111
001001011
000000000
101110100
101110100
111111111
111111111
111111111
101100000
010100100
100100100
110000011
111110101
101110100
101111111
000000000
111111111
100110100
101111111
111111111
101110100
000100000
000000000
111111111
000110100
101110100
111111111
000000000
101110000
000000000
100000000
111111111
101110101
100110100
000101100
111111111
101111101
100100100
011001011
111111111
110011111
001110100
111111111
101110001
101000000
111111111
000000000
101110100
100100100
010001011
100110101
111111111
111111111
111111111
111111111
111111111
111111111
111111111
111111111
111111111
111111111
101111111
101110100
111111111
001100100
101111110
101111111
111111111
000000001
000000100
111111111
101111111
000000000
000100100
100110100
100110111
000000000
111111111
101110100
101110100
101111100
000000000
101010001
111111111
111110100
100110100
001000100
101111011
111111111
000100100
111011001
111111100
000000000
111111111
000000000
101110100
010110100
111111111
000000000
111111111
101010000
000000000
111111111
111111111
000110100
101101101
110111110
111111111
100010100
000100100
000000000
111111111
000000100
100100011
000000000
000000000
111111111
111111111
000100100
001100100
101110101
101110101
100110100
010100110
010101011
101110100
000100100
100100100
100110100
110101110
111111111
111111111
111111111
111111111
100110100
111111111
000000000
000000000
111111111
101110101
000000000
111111111
100110100
000000000
111111111
111111111
100110100
000110100
101111100
000100100
000100100
111111111
111111111
000000000
101111111
000000000
111111111
111111111
000000000
101111111
111111111
000000000
101110101
111010111
111111111
111110111
101110100
000000000
101100111
111111111
111111111
000100100
101110000
100110100
101110100
000000000
101110111
000000000
101110100
100010100
000000000
111111111
111111111
111111111
111111111
100110100
000000100
101110100
000000000
111111100
000000001
100100100
101010001
101110100
111110101
101110100
101110100
100100100
000000100
101100100
101110100
101100001
100100100
000000000
111111111
000100100
111011111
111111111
000000000
101110101
101111101
101111111
111111111
010101100
101110100
100000100
111111111
111111111
100010011
101100100
111111111
100000100
000010000
111111111
111111111
100110100
101111111
000000000
000000000
101001101
000000000
111111111
111010100
101110100
111011011
111000100
000000000
101100111
101110101
000100100
100110110
000000000
000000000
000100100
101000100
100100100
101100000
000000100
111111111
000000000
111111111
100100100
000000000
000000000
101110100
100110100
111111100
000000000
010101111
101100100
101110111
011000011
000000000
000100100
101110111
100110101
101111101
101110100
100110100
111111111
111010101
