0000000000000000100000000000000000000000000000000000000000000000000000000000000000000000000000000000
0000011110000000000000000001100000000000000000000000000110010100100000100000000011001101110000000000
0000011110000001101100000001111010000100000000000000000000001011100000000011011100001100110000000000
0000001100000001110000000110000000010111000001011111101011010000011001100010001000111111100000000000
1110010011000000011100000000000000010010000001001000111000000000000111000000000000000000000000000000
0000010011000001101100000000000000011010000101101100000000110000001011000000000000000000000000000000
1001100101000001001100000000000000010111000001101100000110000000011001000000000000000000000111000000
1001100010000000000000000010000000010000000000000000000111010000011110111001101000000000000000000000
1010100000000001110100000000000000000000000000000000000110010000000111000101101111001111010000000000
0011000000101100001000000010110010100010000000000000000101110100000000000000000000101010100101100000
1111000000000000011000000101000111000000000000110010010011011111000000000000000000000110000110000000
0000000000000001001000000110110000100000010110101000000010101100000000100110000000111011110000000000
0000000000000001001100101000000110000000000000000000000101011011100000000000111100111000000000000000
0000000000001110000000000000000000011101000000000000000000000000000000101000100010011000000000000000
0000110000101110100000000001110000001011000000000000000000100000001101111100000001101000000000000000
1011010001010101110100000010110000001101000000000000000000000000000110010110000000000000000000000000
0000000000000000011000000110010000011100000000000000000011000000001011001110000000000000110000000000
0000000000000000101100000000110000000000000001101000000100111101000000011010000000000110110000000000
0000000111000001111000000000000000000000000001111000000000000100100000010010000000000011100000000000
0000000110101110000000000000000000000000000000011000000000001011100000000000000011101011100000000000
0000010100010101001000000000000000000000000000000000000000010000000000000000111111001000000000000000
0000011101000000110101001000000000000000000000000000000011100000000000000000111111001000000000000000
0000010110000000110100000100100000000000000001010110110111011100001000000001001011001000000000000000
0000010111000001000000000001111011110000100011010000000101010011000000000001011011010000000000000000
1100101111110000000000000001110010011001111001010100000101100010101011000000001001101000000000000000
1110101111000000000000000001110000000001001010110101010101011001100101000000101111001000000000000000
0011100111000000000000000111000000000000010110000000000011010000010110101100100010001000001000000000
1100100000000001111000000000000000010111111000000000000110010000000010100100000010001011100000000000
1001000000000000100100000000000000000000111100000000000000001111011110110101100101010000111110100000
0111111011000000000011000110110010000000101100000000000000001110010111000001001111001000000011100000
0000011100000010111000000110010000000000011001000000000100000000000000000000000000000000000000000000
0000001011011010000000000010000000010111011100000000000010100100100000000000000001011001000000000000
0000001011011101100100000001110000011100101100000000000000000000000000111011101110111100110000000000
0000000000000000001000000101110000000000011000000000000000110111000000101100010111110011100000000000
0000000000011001011000000000000000000001000000000000000011110000010111110111001110111011010000000000
0000000000000111111000000110010000000111000001010000000000000000001100000001011000101100110000000000
0000000000000010011100101000000000000000101110000000000000001111001101000000100001010110110000000000
0000000000001100000001110100110000001101010100000000000100100011001110000001100100000001100000000000
0000000000100110111011010001110000010011010000000000000100010000011001000000000010111000000000000000
0000000000000110000110110101100011000110001100000000000101110000000000000001111001001111010000000000
0000011100101111011100000001110000000001101110000000000000000000000000100111010011011100000000000000
0000000101101101001101111000000000000000110100000000000000000000001111010111110000010101110000000000
0000001000000001011001011000000000000000000000000011001000000000010110101001100100000000000000000000
0000010011000000110000111000000000001110000010000001011000100000011100101000101100000000000000000000
0000000000000000100000011011010000001001111010000011010110111101000000000000011110110100110000001101
0000000000000001000101111111010110110011001100000000000011111001100000000000000011001011000000000011
0000000000111010000011110111001100001110000000000000000101100111100000111000000011001100110000001011
0000000000110100000001110111100000000111000000000000000111010011100001101110000000011101100000000110
0000000000111000000010110001100000011010000000000000000101110000010110100110000010000101100000000000
1000100000010110000001111000000000001000000000000000000100010000010011110000000000000000000000000000
1110000000010010010100111100000000000000000000000000000100011011101101100110000010100000110000000000
0100000000001011001000011011000000000000000000000000010100000000000000000001100111110011100000000000
0100000000011111110001100011110000000110000000000000000010010000000000000000110001101000000000000000
0000011101000000011111001001110011001011100100101100000011000000000000000001000011010111100000000000
0000011011000001001101111010010010000101110000100000000011000000000000000000000000111000000000011110
0000001111000000000011100000100110100010101100000001110000000101000000000000000000000011111000111000
0101111011000001101111110100011011100001000110000000000100100000000000000000000000101000001100011011
1001000000000001000100000000000001110111101110000001110100010000000000110010000000000000001100101101
0000000000000001011000000000000000010110010110000000000001011000000000000000000000000011111010100000
0110000000000000010000000110010000000000010100000000000011111110000000000001110011101100000000000000
1101000000000000000000000101111011000000110110000100000110000000000000011101101110011011100000000000
1101100000000000011100000101010000000000101010000000000100000000000000010000000010011010010000000000
1011000000000001101000000111100000011001011010000000000101101010000000000011110101111101110101100000
1100100000000000100100000111100000011011000000000001101000000100000000011110001100000100111110100000
0000000000000000000000000101000000011001000000000000000000000000000000000001110110000010010101101001
0000010010111100000000000000001111000011000000110011001000010000000000000000101000000101000111011010
0000000000010110000000000000000111000111000000000011010000001101010010000001101111010011101101011010
0000011001000000000000000000001010100101000000000000000000000101000000100000000010010000100000001100
1011101101000110000000000000000111010111000000000000000101101111000000000000000001111011011001000101
0000000111010000000000100000000001010010000000101100000110010110000000000000000011000110000101100000
0000000000000000110100000000000001100100000001110000000000001110000000000000110000000101011111000000
0000000000000001010100000000000000001101000000110100000000000101000000000001010110110000110100100000
0000001011000000111000000011010000001001001011010000000000000000000000100000111100010000001001000000
1111001011000001111000000011000000011000101110000000000100010000000000000000101100000000001011100000
0000010101000001001100000011100000001110101110000000000000000000000000000001001111001101000011100011
0000000010000001110000000000000000010111000000000000000000110000000000000000000001101101101011111011
0000011101000000101100000001110000000000000000000000000111000000000000011010000011011100111110101110
0000001110000000100000000011010000000001000000000000000101110000000000001001100101010000000000000110
0000010011010100000000000110110000000010000000000000000000110000000000011100110111110000000000001011
0000001011000001011000000000000000000001000000000000000111010000000000001010110100101000000000000111
1011011110000000101100000100100000001111000000000000000001110100100000000000101110011000000000001110
0001011010000010010111100010110000010001000000000000000000000111101110101100100001110000000000010111
1100111010111100100001011000000000000000000000000000000000001011001110000001001101101000000000010110
0000000000110110001100111000000000000000000000000000000000000000010101000000101000101011100000110110
0010100000000000000010110000000000000000000000000000000000000000000000000000000010101000001000100111
1001000000000000000010110000000000001101000000000000000111011110100010000000000001111111101100100000
1101100000000001110000000100100110110010000000000000000101000111000000000001010111010111000000001011
0101100000110011001100000111100110110011000000000001000100111101000000000000000000000101110000011110
0000000000000000110100000001111101010101000000000000000110100000010010000000000001110011100000011010
0000000000000000000000000000001011010110000000000010000101011101100111000001101111010101100000010111
1000100000000001111000000100000000000000000000000010111001011110000111000000000101100000000000010100
0001100000010001001011001110100000010000000000000011010000001101100000000000000011110000000000010111
1100100000100010010101101001110000011110000000000000101100010000000000000000010101011000000000000000
1100100000010110000010011010010000011010101000000000000100010000000000000000000000000000000000000000
1110000000000000000000000001110000010111011110000000000100000000010100000000000010001000000000001100
0000000000000000000000000001110000000011011110000001111001100000010101000001110000000000000000011110
0000000000000001001100000010110000000000010110000000000011010100111011011011000110110000000000010011
1010100000000001001100000101110000000000011110000000000000000000000111000000111110110000000000011110
1011100000000000000000000010010000001001110010001110001000001001101110000000000001101011100111110101
1001000000000000000010010011010000011010011101100011011001001100000000100010010101011000000000000000
0000011101000001111000000100100000010111111011101111100101101100100000000001011111110010100000011101
1110101011111101111000000100110000010111000000000000000100111100000000000001011000000110010011111011
0111010110111010000000000001110000011000000000000000000110101100100000000010000001000011010000011000
0010010110101010000000000111010000000000101110000000000110001100100000100100000000000100100000000000
0001010110101011001100000001100000000000000000000000000100110000000000111011011000100011100000000000
0111100000011110101100000110010011010011000000000000000101101001100000110111110110101011110000000000
1101100000001111010100000000001010000000000000000000000000101010000000100111110100000101110100100000
1001000000010111110000000011111000100000000000000000000101100110110100100101110000101000001101100000
0000000000011101000100000000000110010001000000000000000000010000000000010010000000000000000001000010
1100100000000000000000000000001011111011000000000000000101010111000000100100000011010000001000011101
1010100000000000011111110000001011010111000100000000000000000000000000111000001000000111000101111100
1110100000000001001111110011110101101111000000000000000100001111000000110000111100000110010000010111
1110000000000001010001100111000101110110010110000000000101101011000000010000000010001011000000001111
1011000000000000000010110100110000111001001110000000000100110111000000001010000011100000000000000000
0000000000000000000001101110110001000011110010000001010010101011100000011100000001100000000011000000
0000000000000000100011010011010001001111111100000000000011101100000000001110000000000000000000000000
0010000000000000000010010111000000001111101110000000000000000111100000001110000010101111100000000000
1101100000000001100111011000000000011000000001100000000110011101000000100000000001111100000000000000
0000100000000001110100011000000000001110000000000000000100001010110110111100000011011101010000000000
0011100100000000000001101000000000010111000000000100000000001110000000011110000010101011100000000000
1111000000110101000111110010100000011011000000000001100000000100100000000000000001100100110000000000
1101000000010010010101011011010000011011000010000000000000000011111101000000000000000011100000000000
0000000000100100111110110000000000001011011110000000000101111010000000000000000011001101111101001111
0000000000111000000000000111000000010010011110000000000110100000000111000000000011100100111000000000
0000000000101110000000000011110000011000001010000001110000000000000000000000000000111000000000000000
0000000000011110000001010000000000011000000000000010001001000000000000001010000000000000010000000000
1000100000101100000000000010110000000000000000000001010111101110000000011110000000000000000000000000
0000000000001110000000000110010000011011000000000001101110101110000101100100000000000000000000000000
0011000000000000000000000000000000000110000000000010010000001000011011000000000000010000000000000000
0001000000000001111000000000000000011010000000000000000000000000011101000000000011001000000000011010
0000000000000000000000000000000000011101000000000000000000001101011110000000000000000000000000011101
0000000000000000011100000000000000011001000000000000000010111011100000010110000011110000000000001111
0000000000000000011000000000000000010111000000000000010010101111000000001110000000111011100000000000
0000000000000000000000000000000000000100000000000010110110100111000000101000000010011000000000000000
1110000000000000000000000011110000000000000000100111100100011011000000000010000011100000000000000000
1010010101000000000000000001110000011101101010000001100110111101100000010110000010101000000000000000
1010100101000000000000000000000000001101000000000010110000001010100000110110010100000000000000000000
1110001101011100000011000000000110000000000000000001100101101000000000000001101100000000001010000000
0000100011000001111000000000000000011101000000000011010011000110100000000000111111001000000000000000
1000100100000000000000000000000000001011110110000000000110111100100000000001110000001000000000010101
1001100000000000000000000000000000001111000000000000000000000000000000000001110000101000000000011010
0000000000000000000000000000000110000000000000000000000110100000000000000001100010111000000000011110
0000000000000001110000000000000000011000000000000000000010111010100000111010000001011101000000000000
0000100000000000000000000100010000001001000000101011100001111000010110111100000000000101000000000000
0110000000011110000000000011010000000000000000101101100000001100110101011010000000000011101011000000
0000000000011111110000111011010000000000111001101110101000000100000111000000000000000010110100011010
0000000000110011101011000110110000000000000001100101101001000000001010000000000000000110100000000000
0011100000101010000000000111100000000000100100010111000001010000000000000000000000000001110000000000
1001100000001100000000000000000000000111000110000011011001100000000000011010000000000001010000000000
1010100000111010000000000000001010101110100010001110111110100000000000111010000000000111100110100000
1111001010101110000000000000000000000000101110100100000111000000000000100000000000000011111010100000
0000010101100011100100000000001101000000110111011100000000000000000000000000000011110000010000010110
1001110111011110011100000000101101111100000001110000000000001110000000000000000000000000001111011001
1101110001111001110000000101011001001110000000000000000011011010100000000001110011100111100001100000
0000011110101100111100000011110110111101000000000000000110110000000000000000111100001101111101000000
0000011010011000111000000100010101111100000000000010000111100100000000101110000000001010001100100000
0000101110111101110100000000000100101111000001011011110001011101000000000000000000000000000110100000
1101110101101111110100000000001000010111000000111100100111010111111110000000000011010100111100100000
0100111010111101110000000000000110000001000000011100000010111000000000000100000011000110110111100000
1000100111111000000000000101101100111100000001101100000111100000000000001010000000001011011101110101
0000000110000000000001000001010000010111000000000001011000000000001100000000000000000001111111010101
0000000000000001011110111100010000000010000000000001110101110000001110000000000000000011000011011110
0000000000000001010100110111101011011101000000111100000110101001111101000000000010010010110000000110
0000000000000001110110111110100000000000000001111000000011110111111001000001001100000000000101101100
0000000000000000000011100000100000000001000000111000000010111101100000000000000000000111100000000111
1110000000000001010111010010110010010111000000000000000101110000000000000000000000010010000000011101
0000011001000000001000010000001010111011000000000000000110100000000000000000000010100001000000011110
0000001001000001101000000000000100010010000001001100000000000000000000000000000001110011100000000000
0000010100000000000000000001110000001001000000111101111011110010000000000000000000000011010000000000
0000011101000000000000000000000000000000011100000001110000001001100000001111011001000101000000000000
1101111011000000001000000000000000000000000100000000000101100000000000111101001110110010010000011010
0000010101000000011000000100110000000101000011001000000010010000000001110101011100101100110000001110
0000010111011010011100000000001000010001111011011100000010001000001111111000000011110011100000001001
0000011001101101111000000111100000001110111101100100000101000111010011011110001111000000001111000000
0100001110101100111000000110111110100110010010000100000010010100110111111001100111110101111111000000
0000000101110010000000000010111111011001010000000000000110110000011101001110000001011111100011100000
1110010110000000000000000100111110010001000000000000000110110010110111011110000010111110100111111000
1011111101000000110100000101011110010100000000000000000111010000011100010110000000111000000000000010
0110000000000001101100000100010000000000000000000000000111010000010101000000000001111100000000000000
0000000000000001001000000000000000000000101000000000000000011110000010000000000000000011100011000000
1001100000000000000000000011110101010011000000000000000101001001100100110000000001110001100010000000
1110001101000000011100000011010000000000000001110000000110100010010000000000000010110011110011100000
0000010001000000000000000001110000000000000001111000000110011010011011000000000011100111011011000000
0000010110000000101000000000000000010100000000110000000111100000000000000000000010111001000000000000
1010101101000001101100000000001110110111000001100111001101100000000000000000000001111010011110100000
0000000000000001001100000000001011001011000000000010011011000000000000000000000011110000000001100000
1110000000000000000000000000001100001110000000000001101000000000000000000000000000011000001101000000
0000000000000001111000000000000010010100000000000011011110010000000000000000000011101000001010100000
0011000000000000010000000111010000011100000000010000000000110000000000010000000000000000001110100000
0000000000000001101100000001110000000000000000000000000000000000000000110110000000000000000000000000
1110000000000000111000000010110000000000000000000000000000000000000000111010000001101110100000000000
0000000000000000000000000001110000000000000000000000101000000000000000000000000010111000000000000000
0000000000000001000100000110100000000000000000000010111000000000000000111000000000100000000000000111
1011100000000000000000000111011101000000000000000001111111010101100000000001100110000101010000011001
0000000000000000000000000000000000000000000000001100000000000001100000101110000011101101110000000000
0000000000000000000000000000001011011011000001011000000000000000000000000000000000000100110111000000
0001000000000001010100000000001011110010000001110000000000100000000000000000000011100000000111100000
0000000000000000100000000001001101010000000001011000000101010000000000001000000001110011010100100000
1000100000000000100100000110110010100000000000100011110100011111000000000000000011101100111011100000
0101100000000000111000000110101001111011000000000001011011011001100000000000000001101000001011000000
0101000000000000100000000111101011000000000000000000000001100100100000000000000010001011110000000000
1101000000000000000000000001001111000000000000000000000101111011100000000001000001101101000000011110
1011001101000001100000000000000000000000101000000000000000000011000000000000101001100101010000001100
0000110101000000000001010110100000000000000000000011001000001101100000111011011100000110010111100100
1110000100000000101110001101000000000000000000000011010000001010100000100110000000000100000000000011
0000011010000001110100111100100000001101000000000001011111001101000011101000000000000100110000001111
0000001011011000101100000111000000011101000000000000000110110110000000000000000011000000000000000000
0000011100110111111000000011100000011011101000000000000111010110100000000000000000000000000000000000
0000001110101100110100000001000000001101000000000000000100001001100000000000000000000000001010000000
0000000000001101001100000100110000011011001110000000100000000000000000110100000000000000000000000000
0011100000000000000000000000000000000000011000000000000000000100100001100100000000000111000000000000
0000000000000001111000000110100000000000000000000010110110001011101011000000000000000000000000000000
0000000000000001011100000010110000001101000000000011000111101010111001100010000001010000000000000000
1001100000000000000000000100100000000000000000000000000110100000101011101110000000011011000000000000
1101000000000000000000000000000000000000000000000000000010000101100000000000000010110110110000000000
0010000000000000000011010110100000011100000000000000000111110000000000000000000000000110100000000000
1101100000101100101100000001110000000000000000000011110011111110000000000000111000000110100000000000
1000000000000000000000000101000000010100000000000001101010000100100000000001101100000110110000000000
0000000000000001001000000000000000011100000000000001111000001110100000100010101100000010110110100000
0000000000000010101100000101110000011010000000000000111001110000000000110110001100000010011000000000
0000000000000000000011011100000000001001000010000000001000110000000000111010111000000011010000000000
1011100000000000000011101111000000000100000000000010110000011001100000100100000000000000010000000000
0101100000000000100101011010111010000000000000011110011011110000000000111101101100000011100000000000
0110000000000001001000000101100110000000000000000011101010000000000000111100000001010000111011100000
1101000000000001111000000101100111101010010000000001011000000000000000010111010000000000000101100101
0001100000000000111000000000001011000000010110110101010000000000010110000001101011110100001110001100
1011100000000001001100000111101111010100000000010010110110011011111000000000000000000010011110111000
1100000000000001011000000000110000011001000001101001100000000000000000000000000011000000001000110111
0001100000000000011000000000000000010111000000000000000000001101000000101010000010001000000010010111
1011100000000000110100000000000000011000000000000010000000000011100000001010000011110000100101101101
1101000000100111111000000000000101110001000000000000000000000011000000100100000011101100111010011010
0000110100001011100000000000000101100000000000000000000000000000000000100100000010110011010000000000
1100110001000000001100000000001010100000000000000000000101110000000000100000000000000100010000000000
0000001100000001001100000000001010100000101011110000000100100000000000111000000011001000000111100000
0100100000110010111000000000000111101010101010000000000011010000000000010110111000000100110000010111
0101000000000001110000000000000000001011000000000000000011100000000000011010111000000111010000010011
0001000000000001101100000101100000001110000000000000000011110000010000111100000001111000000000010110
0101100000000001100000000111010000011010000000000000000101010000000000110111011001011000000000000000
0000000000000000000000000001110000010111000001000011101000000000000000000001011000000000000111100000
1100100000111010000000000010000000000000000000000001100000000000000000000000000000000000000011100000
0000010110101101100100000101010000000111000000000011110000000000011101000000000000000110001111001100
0000010101011111001000000000000000000000011000000011110001110000001110000000000011101010111101100000
0010101011011001010100000101010000000000101010000010011110100000001010000000000000000100110000000000
0000011001101010101000000110011000000000011100000000000011010000000000000000000010110101100000000000
0000000000000000110100000110111110000100000000000000000000000000000000001000000000000000100000000000
0101100000000001111000000111001101001011001110000011100000111101000000101110000011010111001001000000
0111100000000001111000000010001101111011000000000000000100110000000000000000000011010011101100100000
1110000000000001111000000111100011101110000000000000000011110000000000000000000011001100110011101111
1111000000000001110100000100001011000000000000000000000000100000000000111010000010001000001100101110
0110000000000000101100000011001101011100000000000000000100000000001100011100000010100000001111000000
1101000000000000011000000000000000000000010000101100000011010000000010110111010000000000000000000000
1010100000011001111000000010000000000000000001110100000100000010000000000000011000000100110000000000
0011100000111010110100000000000000001101000000111000000101010000000000000000000001011100100000000000
0010001010110011011000000000000000010001110110000000000010110000000000000000000000010100110000000000
1110000000001101001001001001110000000011011100000100000000100000000000000000000000000000000000000100
1010000000000001001100000000000000000111000000011000000110101110100000000010000000000000000000001110
0000000000000000110100000000001100010110000000011100000010111110100000000010000000000000000000011100
0000000000000001001000000000001001100010000001010000000111100000010111010010000011010000000100111110
0000000000000001101000000010110101110101111001100100000111000000010111101100000000010011101011000100
0000000000000000100000000001111011110111101110000000000111101010101101110010000001010000000110101110
1001100000000001010001110101011111000000001110000001111110101011000000001110000000000000001100001111
1001000000111010000010111110101101101001101000000000000011111000000000111010000000000000000111000000
0100100000000000101111100101010001101111010110000000000011010111100000010110000000000000000000000000
0000000000000001100100010001001100011000001110000000000011110001000000001110000011010000000000000000
1011111110110010011111011110010111001011011110110000000101010000010110100101101000000000000011000000
1011100101010111110010110000000000010111110011011000000100110000000111000001010101110110000000000000
1011000000111101111000000000001010100001000000101000000110000000010010000001110101110100010000000000
0000000000011011111000000101010010011010000000000000000000000000000000011101010110110010110000000000
0000000000000001000000000100010000000000000000000001001101000010000000000001110100101010010000000000
0000000000000000111100000110010000001110000000000010001101101001100000000001110100000110110000010000
0000010111000000100000000101010000000000000000000010000000000000000000001111110111011101100000000000
0000001111000001010100000110100000010100110100000001111000000110100000000001111010011110100000000000
0000000010000001110100000100110000001010000000000000000100110110110001000000110010011010100000000000
0000001001000000110100000000000000010111000000000000000111100000001111000000110100000100010001000000
0000000000000001100100000000000000010111000000000000000111001100001101011010101100100000000000000000
0000001011000000000000000000000000001011000000000001111110100001000000101110000010101101110000000000
0000101011000000111000000000000000000000000000000001111011101111000000110010000001101000000000000000
0000000000000001111001111000000000001001000000000001011000010000000000111000000000000001110000000000
0000000000000000011001111000000000001110110100000011001011011011000000011110000000000000000000011011
0111100000000001110110001000000000000000011110000010110110100000000000010110000000000000001000111110
0100000000000001110010010111100101001110110010000010000000000000000000000000000000000000001001001111
1001100000000001101110110110110100110110110100000011000110010000000000000000000001101001000000000000
0000000000111010010100111111000010000000000000000000000010100000000000000000000000011000000000000000
0111100000100100000000100110010000000000000000000000000110110000000000000000000000000000000000000000
0000000000011100000000000000000000001010000000000000000101110000000000110100000000000000000000000000
1000010100000000010000000000100000000001000000000000000010100000000000101000000000000100010000000000
0000011101000001100100000011100000011010000000000011001110010000000000001100000010111110000000000000
0000000000000000000000000000000000000000110010000010111111011011100000101010000000000110100000000000
0000000000010101110100000000000000011100111100000010001000000101100000010000000000000101100000000000
0111100000011100100000000101010000011000101000000000000100110100100000000000000000000011100000000000
0101100100000001001100000000000000001011100110000000000001101111000000000000101001011001010000000000
1110000000000001111000000000000000000001000000000000000110101110100000000000000011001110110000000000
0000000000000001111000000010011011100000000000000000000000001111000000000000000000100000001010000000
0000001000000001011010110010100000100000000000000000000000001010100000000000000010000100111101000000
0000000000000001000100011010101010100000011110000000000010011011100000111000000000000010000111000000
1101100000000010110111101011010000010111100100000000000101001111000000101000000000000001100000100000
1011101000100011010111010000000000010010000000000000000110100001000000010100010111011000001011000000
0011110000000111100101111000000000001011000000000000000011000000000000000000110001111000000111000000
0101101010110010111110110100000000000011000000000000000001001110000000000000000011101100110000000000
0000001111000000000001011111010000010111001110000011001000000000000000000000000001011000000000000001
0000001110010100000000011100000000001010001110000000001010110000000000000000000011001000000000011110
0111110111101010000000000000000000010101100101100000000111000000000000000001110011001000000000000110
0000101010000000010000000000000000010111011111011100000111010001000000100010000010111101010000010100
1111011011000001001100000100110000000000011110000001111101011101011011000000000000010000000000000000
1001100000000001001000000101100000011100000000000001111111000000010101000000000011000110110000000000
1010100000000000011000000010100000010110000000000011010110010000000100001000000011011101010000000000
1001100000100100000000000111010000011101000000000011000000010000000000000001110011001010010000000000
1010100000101100001000000011010000111101000000000000111101010000011101000000110111001011010000000000
0000000000011000111100000100100000000000000000000000000110110000000000000000000011101001110000000000
0000000000001110010000000110111010100000011100000000000011100001100000001110000000000101100000000000
0000000000000001111000000010010000000000001010000000000110100000000000000000000011000000010000000000
0000000000000001010100000111100000000000111100000000000110100111000000100000000011011000000000000000
0000000000000000000000000111000000000000000000000000000101011001100000100110000000111000000000000000
0100100000000001110100000110101000101101110010000000000111010000000000101000110111110000000000000000
1100100000000001000010111011000000000001110010111000000101010000000000110011000111110110000000000000
0111000000000000110011011111100000000000110110000000000101100000001101100111111011001000010000000000
0000000000000001111001101010001010110111000000000000000000110000001011000001011000000001010000000000
0000000000000000000100000100000000000110000000000000000011010010101011100000000000000110111011100000
0000000000000011101000000101100000010101000000000000000100010100101101000000000011001011110000000000
0000000000010001111000000100110000000000000110101000000000000000011001000000000011110011110000000000
0000000000100100110100000101010000000000000001011000000000000000000111110100000001111000000000000000
0000000000001001110000000000000000001001000001011100000000001010100000100010000011101000000000000000
1001000000111010010000000000000101000000011110000000000000001111000000010010000011000000000000000000
0000000000000001000000000000000011111100000000000000000000000000000000000000000000000000000000000000
0000000000000000001000000000000000000010000001011000000000010000000000000000000001001010100000000000
1100000000000001111001101100100000011110100101011100000101110000000000110110000000000010011010100000
1001100000000000001000000111100111111100101101011000000011010000000000110010000000000011011000100000
1000100000101011111001111101111101001101000001001000000000000000000000000000000000111101111111000000
0010100000101011110110110000001101010100000001110100000000000000100000000000000001001000001010100000
0000000000111000111100000000001110000000000001100111001000001001101001000000111100000101010111000000
1110001111000000111100000000001110000000000000000001110011111110111001000000000001000110100011100000
0000011110000000101100000000000111100000000000000001101101111110000000000000000000001000101110000000
0011100000000001101000000000001101111000000000001111010010110100100000000000000000100101010111100000
0000010111101110010101100010111010101110000000000010110111010111000000111010000010011110010110000000
0000001110011100111100010000000001010000000000100111010111010110100110111000000000000011101101100000
1101000000111000101100110000000000010101000001110101101010000000000111001010001011001110000000000000
1110100000101010011110110011000000000000000001110011110010110000000000011010000000111110010000000000
0010100000110110000000101000000000000010000001111011110011110000010001001100000011110101000000000000
0110100000000001001100000010000000000000000000000000000000000000000000101110000010101011100000000000
1100100100000000000000000000000000000000000000000010100011100000010101000000000000011110000000000000
1100011010010110111100000010100000000000000000000011110001010000000111000000000000000110000000000000
0000000001000001010100000000000000011001000000000000000000000000010000000000000000000000010000000000
0000010111001011010000000000000000000000000000000000000010110000010101000000000000000000000000000000
0000001111101001110000000000000000011011000000000000000101000000001110000000000001110000000000000000
0000000000000000000000000000000000000000000000000000000010110000011011100010000010000101110000000000
0011100000000001100100000010010000001001000000000000000111000111000000000000000011001000001101000000
1110000000000001001100000101000000000111000000000000000100101001000000000000000000010000001110000000
1010100000000000000000000011010000010011000000000000000000001101101110000000000001001000000010100000
0000000000000001001000000100110000001100000000000000000111011110010011101110000011110111010000000000
0000000000000000101000000000000000000101000000000000000111011011100000000000000000111010000000000000
0110100000000000111000000000000110111011101101001000000110000111101101000000000011001000000000000000
1110000000000001000100000000000000011011000000000000000101100100001111000000000010110110100000000000
0011100000010110100000000000000111111000000000000100000111010110000011000000000011101000000000010111
0111000000000000111000101000001100001101000001101000000010100000000000000000000001001000000000100111
1001100000000001101110000000001011100000111001001111011000000000000000000000000000000000000000011001
0000000000000001111000101000000111100000110101110010111000000000000000000000000000000100110000001111
1011000000000001110000010000000000000000111011110000000000000000010110000000000000000100110000000000
1110100000001110101111010000000000001011000000000000000000001001000000000000000000000000010011100000
1110000000101100101110101111010000001010001100100000000000001111000000110000000000000010001101100000
0000000000011111111001101011000000011010001110000000000000010011000000010000000011110000001010000000
0000000000000000111001001110010000000001101100110000000000000100111110010110000011001001101111000000
0010000000100000000011100000000000010111101011110100000000001001011101000000000011011000000000000000
1000100000000000010100000000000000011000010110001100000000010000000000000000000010010111010000000000
1011000000000001111000000000000000000000011111100000000010010000000000000000000011100011100001000000
0011000000010100011100000101110000000000000000000001101100100000011001110010000011101000001001000000
0000000000111101101000000011010000000000011100000011001000100000000000000000000000000000000011100000
0000000000101110110000000010110000010011010111101100100000110000000000110010000000000011010000000000
0000000000110000000000000000000000010111000001010100000000001100000000100110000000000101000000000000
1101011001000000100000000011010000010001000000000000000011000000000000010100000000000101000000000000
0101011011000000000000000000000000001101000000000000111111000000000000011100000000000011100000000000
0101100000000000100100000000000000010111000000000010110010111110100111101100000000000011100000000000
1001100000000000111000000001000000011100000000000000011000000000011010001010000000000000000000000000
1010100000011011010100000111000000010010000000000000000111010000001010111010000000000011100000000000
0011100001101101110100000000000000001011000000000000000101110000010010110100000010000100000000001101
1101011010000001100100000010001001011101000000000000000101101001110111100100001000001110110000000000
1100011100001010000000000010000011100000000100111100000000111011101101110010000000000011111101000000
0000000000000001001000000001110000000000000001100100000001000010100000100110000000000101100100100000
0000000000000001000000000111100111100000000001011100000101101110000000011110000001001001110000000000
0000000000000001110100000101111100110111000000000000000110101010100000000000000000011110000000000000
0000000000000000011000000111010000000011000000000010111010111110100000000000000011011111100000000000
0000000000000000000000000011010000000001000110000011010110100100100000000000000010101000000000000000
1110000000000000000000000111010000010111011000000000101101010000000000000000000000011000000000000000
0011100000000000000000000000010100111010110101010000000000001010000000000000000011110000000000000000
0000000000000000000000000011110110100001011101100100000000001000100000000000000011000000000000000000
0000000000000000111000000010111001000010101011101000000101110000010111101010000011101000000000000000
1110100000000000000010000001110001000000101010010100000110100000000111000000000010111000000000000000
0111100000000000000000000000000000000000000000010100000001011001111101000000000011011001100000000000
0110100000000000000000000000000000000000100011110000000001000000001111000000000000111100010000000000
1001011110000000000000000100100000000000110111011000000000010011001101000000000000001000100111000000
1101100000000110000000000000001101101010111100001110111100010101000000000000000000000010110101100000
1001111010000000000000000100001111001010001000000001011000000000000000000000000000000101010100100000
1000101111010000000000000000000000000000110000000000000101010000000000000000000001001010011110011100
1000000001000000100000000000000000000010010111110000000110100000011001000100000000101001111010000000
0111100000000001001000000000000000000001000000000000000100000000000000100010000001110000000100100000
0001000000000000000000000000000000011000000000000011000101101101001101011100000011101000000000000000
0000000000000001111011100100010000000110000000000001110000000000000000000000000000000010110000000000
0000000000101110100111011010011101000010000000000000101000000000000000010010000000000110110000000000
0000000000010011001101011111001101001111000000000010011000001011000000010000000000000010000000000000
0000000111100111111011101000000000010001000000000000000001000000000000101111011111111101100000000000
1101011101111011110010111110110000011010000000000000000111011001100000010110011001110111000100100000
0000011101011100000011101100100000010111101001110100111000001111000000000000000011001001011110100000
0000000000100001110001110011100000010101101100110000000001000101000000000000000000100110010000100000
0000000000101100011110101000000000011001110100000000000000110110110011000000000010100010111100000000
0000000000001101110111110000000000010101000000100100000101100111000000000000000010000000001101100000
1011000000010010101010010011110000000011000000010100000001100111000000011010000000011000001110100000
1110100000010011001111011000000000010010000000000000000111011100000000111100000000000110011011100000
1100100000000001101011001000000000010011000110000000000000001001100000010010000000000101010000000000
1101000110000100000000000110110000000001011100000000000000000010000000101110111111001101100010000000
1011110110111101001100000001000000000000111100000000111001000000000000110110000001100000001000100000
1110000110111001011100000000001101100000000000111111100110010101100000001110000000111111011110100000
0010100000001101100100000100001110100000000000000001001101010011000000101100000011001000001000100000
1101100000101100001000000111011100100000000000000011001110011101100110000000000000111000000000000000
0000000000000001100111110111100000000000001010000001110010110010100110000000000011110000000000011000
1001100000101111000011010101000110100000010110000000110000001010011001100100000000000000000000010111
1011000000001010110101011010111100111100101100000001110010011101001101101100000000000000000000010000
1111000000000101010110011000100000011010100110000010011001101100110110000000000000000000000001000000
0000000000000001010111100111100000011011000000000001011000000000000000000000000010111000001011100000
0000000000000000001011011011010000001101000000000001110000000000000000100010000001100000001001100000
0000000000000001111001001011010000001011000000000000010110010000000111011100000000000000001110000000
0000000000000000011110011111100000011101000000000010011101010010010111100000000001110100110011100000
0000000000010111111011001111010000000001000000000000011000000000011011011100000010110011100000000000
0000000000011110000010011111010011100001000000000001111011101001010011000000000000000110000000000000
0000011100111101111000000001011101001011000000000011101101000110100000001110000000000000000000000000
0111101000111001010100000000000111010011000000000011110011111110011110001100000000000000000000000000
1101101111010110111100000100101100010000011000000000000001100010000000100110000000000000000000000000
1010100111000111111000000100111010101100011110101000000101110000000000011010000000000000000000000000
0101001101110110000000111001110000000111101100000011110000000000000000001010000000000110100101100000
0000000000100010111010101101010000000000000000000011001001110000000000110010000000000100010101100000
0000000000000000011000000111000000010111000000010011000111000000000000111010000001100011010000000000
0000000000110100110100000100010000010111000000000000000100100000010011000000000000110110010101100000
0000010011100101000001101100000000000111000000000011001110000000010011000000000010101101100000100000
1101100000000001111011001000000001010011000000000011001110110110101001000000000000000000010001000000
0011000000000001010110111111000000000110011100000100100001100000000000000000000010011000001011000000
0011100000000001001100110111000000001011100110000000000010100000000000000000110110110000001001100000
1110000000011010101001100011010000011110101000000000000011011000100000100101010110110101110000011011
1101100000111001100101010000000111100000001100110100000000001001100000000000111111001011010000000000
0101100000011111111000000000001011100000000000011100110010011110000000000001101000000000000000000000
1101100000000001101100000000000000010011001011110101011000000000011101010110000000000100100000000000
0011100000000000111000000010010000011101110010000010110000000000011010100110000000000011110000000000
1100100000000000000000000001110000001010000000000000010000001110000000000000000001111101110001000000
1100100000000001111000000110101110000111000000000000000011011011000000000000000000010101001101100000
0000000000001000010000000000000000011001000000000000000010111011000000000000000000000001011110100000
1101000000111000100000000000000000011011000000000000000111100000000000000000000000000000001101000000
0000000000000101110000000010010000001010000000000001111000000000000000000000000000000000010000000000
1000100000110110110000000010110000001100000000001100000000001100100000011110000000000010110000000000
0000000000010111000110000000000000011100000001010110100000000111100000000000000000000100100000010011
0000000000101100011111101111010000000000000000100101001000110000000000000000000000000101010000011001
0000000000100100011111010010010000000000010111101100011000000000000000000000000010000111100000011010
0000000000000000010111010100100000000000000001100110001101010000001101000000000010111100111000100111
0011000000000000100000011010001101011000000001111011101110010000001110010100000000000110110110110001
1101010101000000000000000000000101111101000001000010011100010000000000100100000010101011000001110010
0000000000000000000000001000001011011110000000000000000001011011000000011100000010110000010000011010
1001000000000001100110010000000011101101000000000011001100110000000000000000000010000110100000010000
1100100000000000000011010000001100110111000000000000000010110000000000000000000001101010000000000000
0101100000000000000010110111001110100001000000000000000001100000000010101111101001111000000000000000
0110000000000001110100000110000000000000000000000000000001100000001011000001110010001110110000000000
0000000000000000000000000110110000010111000000100100000011010000011011000000111011001011100000000000
0000000000000001110100000000000000000110001110000011001100010000000000000100011111011000000000000000
1011100000000000111100000001110000000000110010000001011101100000000000000000000000000011010000000000
1011000000000001110100000110100000001110111100101100000001001110100100010110000010110000000000000000
0100010111000000000000000000000000001101001110000000000000110000010110000001010011001001000000000000
1110000101000001111000000000000000011010111001100110110000000000000011000000111000000110110000010101
1010011011000001000100000000000000011000110110110111101000000000000000011100000000000011100000010101
1110000000000000000000000100110000011010000000100110101000000000000000001110000000000011010000010111
0100100000000000011100000001000000000111010000000011001010110000011010110100000010010000001000000000
1101011001000001111000000000010000001100000000000000110010100000001110011100000000000000000001100000
1110011101001010000000000000000000010000000000000010110000000100110111011110101011000000001000100000
1001110101000000010001000000000000001110000001010000000000000110000010000000000000010000000000010000
1011001110000000000000001001110000011100011111110100100000000000000000000000000011110111100000000000
0111100000000000000001110000000000010101000000000000111001000000000000000100000000000101111100000000
1000100000000000000011100110111100101010000001011101110100110000000000110000101001111101111000100000
1101100000000000000001111000001101110111000001011111100101100000000000010111101111101000000000000000
0101000000010111000110101010110110001110000000110110011110000000000000011000000000000101101011000000
1101100000110101111011011010110100100000000001101000101001100000000000111100000000000010011000000000
0111100000100101111011011011110010110101000000111001111011010000000000001110000010001110111011100000
1011100000000000011100000111001100111001000000000001011110101000000000001100000011010010001010100000
1100000000000001111000000001110000011010000000000001111101110000000000101100000001111000000011101101
0000000000000000100000000000000000010100000000000000000010110000000000110100000001111000000000010110
0000001101000000000000000000000000010110000000000100000000000000000000100110000001011000000000011001
0000000000000001000000000000000000000000000000000000000010101100000001111100000001011000000000000000
0000000000000000000000000000000000010000000000000000000111011011111011000010000000100000000000000000
1011100000000000110000000000000000010010011000000000000101100010000000000000000000100000001000000000
1100100000000000111100000000000000000000000001100000000100110000000000000000000010010000000000000000
0000000000000000001000000000000000000000111010111000000011010000000000000000000000101000000000000000
1101000000000000110100000101010000000000011100000100000001110000000000100110000000100000110000000000
0000000000000000001000000101010101101101011111111000000001110000000001110010000000011010111011100000
0000000000000001010000000111100000010111001011101110000101000000000000000000000010100111000011100000
1110100000000001111001011000000000000000001111010100000101010000000000000000000010100100111011000000
0011100000000001110011110100100000000001000001011000000010110000000000001010000001011000001011000000
0000000000000001001100000110110000001010000000000011000011000000000000001110000011100001101010100000
0000000000000001101100000100010000000010000001111001110000000000001011001000001110011101111101000000
0011100000000001110010000000000000000011000001101011010000000000000000000000000010010011011101100000
1010100000000000000011110000100000001000000000111111001110100000010101000000000010110000001001110110
0101100000000000010111100000110100110010000000101100000101001101110110000000000001110101111111001110
1001000000000001010000000000001010111010000000000000000011111011100111000000000000000011101010100000
0001000000101111001100000001110100101111000000000000000011011101010001000001001111000010111110000000
0000000000000001111000000000001011110111000000000000000000100111101110000000100011010100110000000000
0000011001000001001100000000000110100000000000110000000111100000010101001110000011011101010000000111
0000001110000000001000000000000010000000000101101000001000000000000100000000000011001000000000000000
0000010101000001010000000000001110000000011110100001111100000000000000000000000011001000000110100000
