00000000000000000000
00000000000000000000
00000000000000000000
00000000000000000000
00000000000000000000
00000000000000000000
00000000000000000000
00000000000000000000
00000000000000000000
00000000000000000000
00000000000000000000
00000000000000000000
00000000000000000000
00000000000000000000
00000000000000000000
00000000000000000000
11101000001110100000
11001000001100100000
10111000000000000000
10110000000000000000
00000000000000000000
00000000000000000000
00000000000000000000
00000000000000000000
00000000000000000000
00000000000000000000
00000000000110100000
00000000001001100000
00000000001101100000
00000000000000000000
00000000000000000000
00000000000000000000
00000000000000000000
00000000000000000000
00000000000111100000
00000000001001100000
00000000001110100000
00000000001010100000
00000000001110000000
00000000001011000000
00000000001101000000
00000000001000100000
00000000000000000000
00000001100000000000
00000011100000000000
00000001110000000000
00000011100000000000
00000000000000000000
00000000000000000000
00000000000000000000
00000000000000000000
00000000000000000000
00000000000000000110
01011000000000011001
11011000000000000000
01111000000000000000
10011000000000000000
00000000000000000000
00000000000000000000
00000000000000000000
00000000000000000000
00000000000000000000
00000000000000000000
00000000000000000000
00000000000000000000
00000000000000000000
00000000000000000000
00000000000000000000
00000000000000000000
00000000000000000000
00000000000000000000
00000000000000000000
00000000000000000000
00000000000000000000
00000000000000000000
00000000000000000000
00000000000000000000
00000000000000000000
00000000000000000000
00000000000000000000
00000010110000000000
00000000000000000000
00000000000011100000
00000000000001000000
00000000000000000000
00000000000000000111
00000000000000001111
00000000000000011010
00000000000000010111
11000000000000001101
00110000000000000000
00000000000000000000
00000000000000000000
00000000000110100000
00000000000000000000
00000000000000000000
00000000000000000000
00000000000000000000
00000000000000000000
00000000000000000000
00000000000000000000
00000000000000000000
00000000000000000000
00000000000000000000
00000000000000000000
00000000000000010011
11001000000000000000
01111000000000000000
01101000000101100000
01011000001110000000
10110000000101100000
11110000001010100000
01101000001110100000
00000000001110000000
00000011010110100000
00000000001011100000
00000000000000011100
00000000000000000000
00000000000000000000
00000000000000000000
00000000000000000000
00000000000000000000
00000000000000000000
00000000000000000000
00000000000000010011
00000000000000001111
00000000001110001111
00000000000101001101
00000000000000010010
01001000000000011110
00000000000000010110
00000000000000011001
00000000000000000011
00000000000000000001
00000000000000010111
00000000000000001101
00000000000000000110
00000000000000000000
00000000000000011010
00000000000000000000
00000000000000000000
00000011000000000101
00000111000000010111
00000101110000011100
00000001110000010101
10101011100000001110
00000011010000011010
00000011010000000000
00000011000000000000
00000000110000000000
00000011101110100111
00000111000111010110
00000000001100101010
00000000001010100000
00000000001001100000
00000000001111000000
00000000001100000000
00000000000000000000
00000000000000000000
00000011100000000000
00000010110000000000
00000101100000000000
00000111010000000000
00000000000000000000
01110000000000000000
01110000000000000000
00010011110000010111
00000010111011100000
00000110011110000000
00000111001100100000
00000000001000100000
00000000000000000000
00000000000000000000
00000000000000000000
00000000000000010110
00000000000000000000
00000000001010100000
00000000000110100000
00000000001111000000
00000101010000011010
00000101110100010111
00000111010000011010
00000101110000000000
00000000000000000000
00000000000000000000
00000000000000000000
00000000000000000000
00000000000000000000
00000000000000000000
00000000000000000000
00000000000000000000
00000000000000000000
00000000000000000000
00000011110000000000
00000011110000000000
00000110110000000000
00000110110000000000
00000001110000000000
00000000000000001101
00000000000000000000
00000000000000000000
00000000000000000000
00000000000000000000
00000000000000000000
00000000000000000000
00000000000000000000
00000000000000000000
10101000000000000000
00000111000000000000
00000000110000000000
00000100110000000000
00000111100000000000
00000010110000000000
00000101100000000000
00000011110000000000
00000011110000000000
00000011100000000000
00000011100000000000
00000110010000000000
00000000000000000000
00000000000000000000
00011000000000000000
00000000000000000000
00000000000000011110
00000000000000011100
00000000000000011001
00000000000000001110
00000000000000010011
00000000000000010101
00000000000000000000
00000000000000000000
00000000000000000000
00000000000000000000
00000000000000000000
00000000000000000000
00000000000000000000
00000000000000000000
00000000000000000000
00000000000000001000
00000000000000001011
00000000000000010001
00000000000000001110
00000000000000000000
00000000000000000000
00000000000101100000
00000000000000000000
11100000000000000000
11110000000000000000
11101000000000000000
01000000000000000001
00000110010000011110
00000111100000000100
01110011110000000010
00000000000000000000
00000000000000000000
00000000000000000000
00000000000000000000
00000100110000000000
00000000000000000000
00000000000000000000
00000000000000100000
00000000000000000000
00000000000000000000
00000110110000001111
00000110100000000111
00000010010000000000
00000010110000000000
00000000000000010011
00000000000000001011
00000000000000010110
00000000000100011100
11011011111011001110
01010100101111000000
10111000001111000000
01111000000011100000
11001000000000000000
00000000000000000000
00000000000000000000
01110000000000000000
10110000000000000000
00000000000000000000
00000010110000000000
00000000110000000000
00000110101110000000
00000001110000000000
00000011100000000000
00000101010000000000
00000110110000000000
00000101010000000000
00000110010000000000
00000011100000000000
00000101010000000000
11010111000000000000
00000000000000000000
00000000001010100000
00000000001110100000
00000000001011100000
00000000001000100000
00000000000000000000
00000000000000000000
00000000000110000000
00000000000011100000
00000000000011100000
00000000001100100000
00000000000011000000
00000000001101100000
00000000001101100000
00000000000010000000
00000000000001100000
00000000000000000000
00000101100000000000
00000000000000000000
00000000000000000000
00000000000000000000
00000000000000000000
00000000000000000000
00000000000000000000
00000000010000000000
00000001110000000000
00000101100000000000
00000110110000000000
01110110010000000000
10110001110000000000
01110000000000000000
01011000000000000000
00000000000000000000
00000000000000000000
00000000000000000000
00000000000000000000
00000000000000000000
00000000000000000000
00000000000000000000
00000000000000001110
00000000000000001000
00000000000000000000
00000100110000000000
00000000000000000000
00000000000000000000
00000000000000000000
00000000000000000000
00000000000100100000
00000000000010100000
00000000001110100000
00000000000111100000
00000000000000000000
00000000000000000000
00000000000000000000
00000000000000000000
00000000000000001011
00000000000000011011
00000000000000001010
00000000000000010110
00000000000000001111
10011000000000011100
10101000000000000111
00111000000000011000
11001000000000001111
00111000010000010101
01011011011111000110
01010001111110101111
00000000000101111010
00000000000000001110
00000000000000000001
00000000000000000000
00000000000000000000
00000000000000000000
00000000000000000000
00000000000000000000
00000000000000000000
00000000000000010011
00000000000000001011
00000000000000010101
00000000000000000100
00000000000000010111
00000000000000000111
00000000000000000111
00000000000000011110
00000111010110100000
00000000001001100000
00000000000010101111
00000000000000011110
00000000000000000000
00000000000000000000
00000000000000000000
00000000000000000000
00000000000000000000
00000000000000000000
00000000000000000000
00000000000000000000
00000000000000000000
00000000000000000000
00000000000000000000
00000000000000000000
00000000000000000000
00000000000000000000
00000000000000000000
00000000000000000000
00000000000000000000
00000000000000000010
00000000000000011011
00000000000000001110
00000000000000011011
00000000000000010000
00000000000000010111
00000000000000011100
00000000001101100000
00000000001100100000
00000000001101000000
00000000001101100000
00000000000011000000
00000000001010100000
10110000001001000000
10111000000011100000
11011000000111100000
00000000001011100000
00000000000011100000
00000000001010100000
00000000001100100000
00000010111001100000
00000000001101000000
00000000001101110110
00000000000000010011
00000000000000000101
10101000000000011100
01011000000000000000
10101111010000000000
01011101100000000000
00111110010000000000
11011100000000000000
11010000000000000000
01110000000000000000
01110000000101100000
01100000000111100000
00000011110101001101
00000000110000000000
00000110010000000000
00000000000000000000
00000000000000000000
00000000000000000000
00000000000011100000
00000000001011100000
00000000000100100000
00000000001010100000
00000000001001100000
00000000001111000000
00000000000101100000
00000000000111101001
00000000001011100000
00000000000101000000
00000000000000000000
00000000000000000001
00000000000000011100
00000000000000000000
00000000000000000000
00000000000000001111
00000110010000010110
00000000000000011011
00000000000000010110
00000000000000001011
00000000000000011010
00000000000000000000
00000000000000000000
00000000000000000000
00000000000000000000
00000000000000000000
00000000000000000000
00000000000011100000
00000000000011000000
00000000000000000000
00000000000000000000
00000001110000000000
00000010110000000000
00000101100000000000
00000110010000000000
00000101010000000000
00000000000000000000
00000000000000000000
00000000000000000000
00000000000000000000
00000000000000000000
00000000000000000000
00000000000000000000
00000000000000000000
00000000000011000000
00000000000000000000
00000000000000000000
00000000000000000000
11110000000000000000
11011000000000000000
11110000000000000000
01101000000000000000
01011000000000000000
11000000000000000000
10001000000000000000
10011000000000000000
10111000000000000000
10110000000000000000
10101000001101100000
01000111000010100000
01001100011011000000
01101011111101100000
01011111101011001000
01111110010111100000
00000000000000000000
00000010110000000000
00000111010000000000
00000011100000000000
00000000000000000000
00000000000000000000
00000110010000000000
00000101100000000000
00000101100000000000
00000001010000001000
00000111100000011000
00000011010000000000
00000000000000000000
00000000000000000000
00000000000000000000
00000000000000000000
00000000000000000000
00000000000000000000
00000000000000000000
00000000000000000000
00000000000000000000
00000000000000000000
00000010010000000000
00000110010000000000
00000011010000000000
00000000000000000000
00000000000000000000
00000000001001100000
00000000000000000000
00000000000000000000
00000000000000000000
01011101100000000000
10011110100000000000
10000101110000000000
00000000000000000000
00000000000000000000
00000000000000000000
00000000000000000000
00000000000000000000
00000000000101100000
00000000000000000000
00000000000000000000
00000000000000000000
00000000000000011101
00000000000000000000
00000000000000000000
00000000000000000000
00000000000000000000
00000000000000000000
00000000000000000000
00000100000000000000
00000000000000000000
00000000000000000000
00000000000000010101
00000000000000010011
00000000000000010111
00000000000000000000
00000000000000000000
00000000000000010001
00000000000000000110
10011000000000010001
01101000000000011000
00000000000000000001
00000000000000000000
00000011100000000000
00000100110000000000
00000101010000000000
00000100110000000000
00000011100000000000
00000011110000000000
00100110100000000000
01100001000000000000
11100101110000000000
00000100100000000000
00000000000000000000
00000000000000000000
00000000000000000000
00000000000000000000
00000000000000000000
00000000000000000000
00000000000000000000
00000000000000011100
00000000000000010101
00000000000000011010
00000000000000011100
00000000000000010001
00000000000000000000
00000000000000000000
00000000000000000000
00000000000000000000
00000000000000000000
00000000010000000000
00000010100000000000
00000001100000000000
00000011010000000000
00000010110000000000
00000101010000000000
00000010110000000000
00000111010000000000
00000101010000000000
00000000000000000000
00000000000000000000
00000000000000000111
00000000000000011010
00000000000000000000
00000000000000011101
00000000000000000111
00000000000000011001
00000001000000001111
00000100110000001001
00000110101110010110
00000111010111011101
00000000000000011101
00000000001011100000
00000000001100100000
00000000000000000000
00000000000000000000
00000000000000000000
00000000000000000000
00000000000000000000
00000000000000000000
00000000000000000000
00000000000000000000
00000000001010100000
00000000001100100000
00000000001000100000
00000101000000000000
00000100010000000000
00000010110000011000
00000110010100111011
00000000001010111011
00000000000111001011
00000000001011000011
00000000001001111101
00000000000000001110
00000000000000000000
00000000001010100000
00000000001101100000
00000000001001000000
00000000000100000110
00000000001010100111
01111000001101000110
00100000001010100000
11110000001010100000
01010000001100100000
11101000001101100000
10101100111101100000
01101000001000000000
00000000001101100000
00000000000000011000
00000000000000011001
00000000000000010100
00000000000000011110
00000000000000001111
00000000000000010101
00000000000000000000
00000000001001000000
00000000001011100000
00000000000110100000
00000000001101000000
00000000000000000000
00000000001000100000
00000000000110101011
00000000000000010011
00000110010000011110
00000001010000000000
00000000000000000000
00000000000111100000
00000000001011100000
00000000001011100000
00000000001010100000
00000000001000000000
00000000000000000000
00000000000000011011
00000000000000011011
00000100100000000000
00000000000000000000
00000000000000000000
00000000000000000000
00000000000000000000
00000000000000000000
00000000000000000000
00000000000000000000
00000000000000000000
00000000000000000000
00000000000000000000
00000000000000000000
00000000000000000000
00000000001010000000
00000000000111000000
00000000000111100000
00000000000000000000
00000000000000000000
00000000000000000000
00000000000000000000
11000000000000000000
11101000000000000000
00000000000000000000
00000000000000000000
00000000000000000000
00000000000000000000
00000000000000000000
00000000000000000000
00000000000000000000
00000000000000000000
00000000000000000000
00000000000000000000
00000000000000000000
00000000000000000000
00000000000000000000
00000000000000000000
00000000000000000000
00000000001110010000
00000000000111110001
00000000001011100000
00000000001101000000
00000000001011100000
00000000000110000000
00000011010000100000
00000000000000000000
00000000000000000000
00000000000000000000
00000000000000000000
00000000000000000000
00000000000000000000
00000000000000000000
00000000000000000000
00111000000000000000
01101000000000000000
10101000001110100000
10111000000110100000
11100000001010100000
11110000001011100000
01011000000110000000
10111000001110100000
11100000001101000000
01101000001001100000
10111000001100100000
00000000000110100000
00000000000000000000
01011000000000000000
10111000000000000000
11101000000000000000
11110000000000000000
01101000001111000000
11110000001011101111
01111000000111101011
01011000001101111000
00101000000000000000
10011000000000000000
00000000000000000000
00000000000000000000
00000000000000000000
00000000000000000000
00000111010000000011
00000000000000001110
00000000000110111011
00000000000000000101
00000000000000011101
00000000000000011000
00000000000000001111
00000000000000000000
00000000000000000000
00000000000000000000
00000000000000000000
11101000000000000000
10110000000000000000
11110000000000000000
11110000000000000000
11100000000011100000
01011000000000000000
11001000000000011101
10110000000000001100
00000000000000010010
00000000000000010110
00000000000000001110
00000000000000010111
00000000000000000000
00000000000000000000
00000001110000000000
00000011100000000000
00000010111011100000
00111000000101000000
00000000000000000000
00000000000000000000
00000000000000000000
00000000000000000000
00000000000000000000
00000000000000000000
00000000000000000000
00000000000000000000
00000000000000000000
11110000000000000000
01011000000000000000
00000000000000000000
00000000000000000000
00000000000000000000
00000000000000000000
00000000000000000000
00000000000000000000
11001000000000000000
10110000000000000000
00000000000000000000
00000000000000000000
00000000000000000000
00000000000000000000
00000000000000010011
00000000000000010101
00000000000000000000
00000000000000000000
00000000000000000000
00000000000000000000
00000000000000000000
00000000000000000000
00000000000000000000
00000000000000000000
00000000000000000000
00000000000000000000
00000000000000000000
00000000000000000000
00000000000000000000
00000000000000000000
00000000000000000111
00000000000000001101
00000000000000011100
00000011110000011110
00000111000000000000
00000111010000000000
00000011110000010101
00000101100000010110
00000001110000010010
00000110100000011101
00000111011100100001
00000001111110100000
00000110011110100000
00000110010001100000
00000110110011100000
00000100010111100000
00000101111101000000
00000110000011100000
00000001110010100110
00000000110000000000
00000111010000000000
00000110010000000000
00000000000000000000
00000000000000000000
00000000000000000000
00000000000000000000
00000000000000000000
11011000000101100000
11011000001101000000
00101000001010100000
11100000000110100000
11110000001010100000
00000000001001100000
00000000001011100000
00000000000010000000
00000000001110100000
00000000001100100000
00000000001001000000
00000000001101100000
00000000000110100000
00000000001100000000
00000000000100100000
00000000000000100000
10011111000000000000
01111000000000000000
00000000000000000000
00000000000000000000
00000000000000000000
00000000000000000000
00000000000000000000
00000000000000000000
00000000000000000000
00000000000000000000
10111101110000000000
00000110100000000000
00000110100000000000
00000110110000000000
00000000110000000000
00000000000000000000
00000000000000000000
00000000000000000000
00000000000000000000
00000000000000000000
00000000000000000000
00000000000000000000
00000000000000000000
11100000000000000000
00101000000000000000
10110000000000000000
01101000000000000000
10101000000000000000
10110000000000000000
01000000000000000000
00000000000000000000
00000000000000000000
00000000000000000000
00000000000000000000
00000000000000000000
00000000000000000000
00000000000000000000
00000000000000000000
00000000000000000000
00000000000000000111
00000000000000011100
00000000000000000000
00000000000000000000
00000000000000000000
00000000000000000000
00000000000000000000
00000000000000000000
00000000000000000000
00000000001110100000
00000000001101000000
00000000000001100000
00000000001101000000
00000000000100000000
00000000000000000000
00000010110000000000
00000110010000000000
00000000010000000000
00000111100000000000
01110000000000000000
10101000000000000000
00000000000000000000
00000000000000000000
00000000000000000000
00000000000000000000
00000000000000000000
00000000000000000000
00000000001011100000
00000000000111100000
00000000001010001011
00000000000101101011
00000000000000011010
00000000000111100111
00000000001100000111
00000000000111001101
00000000001110000000
00000000000000000000
00000000000000000000
00000000000000000000
00000110110000000000
00000001110000000000
01010111010000000000
10110000000000000000
11110101000000000000
11101110110000000000
00000101010000000000
00000110110000000000
00000111010000000000
00000101110000000000
00000110100000000000
00000000000000000000
00000000001100000000
00000000000000000000
00100000000000000000
00000000000000000000
01110000001111000000
00111000001001100000
10110000001011100000
01110000000000000000
11101000000000000000
11011000000000000000
01101000000000000000
00000000000000000000
00110000000000000000
00000000000000000000
00000000000000000000
00000000000000000000
00000000000000000000
00000000000000000000
00000000000000000000
00000000000000000000
00000000000000000000
00000000000000000000
00000000000000000000
00000000000000000000
00000111010000000000
00000101000000000000
00000011100000000000
00000100110000000000
00000000000000000000
00000000000000000000
00000011101011000000
00000000001011000000
00000000000000000000
00000000000000000000
00000000000000000000
00000000000000000000
00000000000000000001
00000000000000001001
00000000000000001101
00000000001010110110
00000000000000011010
00000000000000000010
