00000000000000001000000000000000000000000000000000000000000000000000000000000000
00000111100000000000000000011000000000000000000000000001100101001000001000000000
00000111100000011011000000011110100001000000000000000000000010111000000000110111
00000011000000011100000001100000000101110000010111111010110100000110011000100010
11100100110000000111000000000000000100100000010010001110000000000001110000000000
00000100110000011011000000000000000110100001011011000000001100000010110000000000
10011001010000010011000000000000000101110000011011000001100000000110010000000000
10011000100000000000000000100000000100000000000000000001110100000111101110011010
10101000000000011101000000000000000000000000000000000001100100000001110001011011
00110000001011000010000000101100101000100000000000000001011101000000000000000000
11110000000000000110000001010001110000000000001100100100110111110000000000000000
00000000000000010010000001101100001000000101101010000000101011000000001001100000
00000000000000010011001010000001100000000000000000000001010110111000000000001111
00000000000011100000000000000000000111010000000000000000000000000000001010001000
00001100001011101000000000011100000010110000000000000000001000000011011111000000
10110100010101011101000000101100000011010000000000000000000000000001100101100000
00000000000000000110000001100100000111000000000000000000110000000010110011100000
00000000000000001011000000001100000000000000011010000001001111010000000110100000
00000001110000011110000000000000000000000000011110000000000001001000000100100000
00000001101011100000000000000000000000000000000110000000000010111000000000000000
00000101000101010010000000000000000000000000000000000000000100000000000000001111
00000111010000001101010010000000000000000000000000000000111000000000000000001111
00000101100000001101000001001000000000000000010101101101110111000010000000010010
00000101110000010000000000011110111100001000110100000001010100110000000000010110
11001011111100000000000000011100100110011110010101000001011000101010110000000010
11101011110000000000000000011100000000010010101101010101010110011001010000001011
00111001110000000000000001110000000000000101100000000000110100000101101011001000
11001000000000011110000000000000000101111110000000000001100100000000101001000000
10010000000000001001000000000000000000001111000000000000000011110111101101011001
01111110110000000000110001101100100000001011000000000000000011100101110000010011
00000111000000101110000001100100000000000110010000000001000000000000000000000000
00000010110110100000000000100000000101110111000000000000101001001000000000000000
00000010110111011001000000011100000111001011000000000000000000000000001110111011
00000000000000000010000001011100000000000110000000000000001101110000001011000101
00000000000110010110000000000000000000010000000000000000111100000101111101110011
00000000000001111110000001100100000001110000010100000000000000000011000000010110
00000000000000100111001010000000000000001011100000000000000011110011010000001000
00000000000011000000011101001100000011010101000000000001001000110011100000011001
00000000001001101110110100011100000100110100000000000001000100000110010000000000
00000000000001100001101101011000110001100011000000000001011100000000000000011110
00000111001011110111000000011100000000011011100000000000000000000000001001110100
00000001011011010011011110000000000000001101000000000000000000000011110101111100
00000010000000010110010110000000000000000000000000110010000000000101101010011001
00000100110000001100001110000000000011100000100000010110001000000111001010001011
00000000000000001000000110110100000010011110100000110101101111010000000000000111
00000000000000010001011111110101101100110011000000000000111110011000000000000000
00000000001110100000111101110011000011100000000000000001011001111000001110000000
00000000001101000000011101111000000001110000000000000001110100111000011011100000
00000000001110000000101100011000000110100000000000000001011100000101101001100000
10001000000101100000011110000000000010000000000000000001000100000100111100000000
11100000000100100101001111000000000000000000000000000001000110111011011001100000
01000000000010110010000110110000000000000000000000000101000000000000000000011001
01000000000111111100011000111100000001100000000000000000100100000000000000001100
00000111010000000111110010011100110010111001001011000000110000000000000000010000
00000110110000010011011110100100100001011100001000000000110000000000000000000000
00000011110000000000111000001001101000101011000000011100000001010000000000000000
01011110110000011011111101000110111000010001100000000001001000000000000000000000
10010000000000010001000000000000011101111011100000011101000100000000001100100000
00000000000000010110000000000000000101100101100000000000010110000000000000000000
01100000000000000100000001100100000000000101000000000000111111100000000000011100
11010000000000000000000001011110110000001101100001000001100000000000000111011011
11011000000000000111000001010100000000001010100000000001000000000000000100000000
10110000000000011010000001111000000110010110100000000001011010100000000000111101
11001000000000001001000001111000000110110000000000011010000001000000000111100011
00000000000000000000000001010000000110010000000000000000000000000000000000011101
00000100101111000000000000000011110000110000001100110010000100000000000000001010
00000000000101100000000000000001110001110000000000110100000011010100100000011011
00000110010000000000000000000010101001010000000000000000000001010000001000000000
10111011010001100000000000000001110101110000000000000001011011110000000000000000
00000001110100000000001000000000010100100000001011000001100101100000000000000000
00000000000000001101000000000000011001000000011100000000000011100000000000001100
00000000000000010101000000000000000011010000001101000000000001010000000000010101
00000010110000001110000000110100000010010010110100000000000000000000001000001111
11110010110000011110000000110000000110001011100000000001000100000000000000001011
00000101010000010011000000111000000011101011100000000000000000000000000000010011
00000000100000011100000000000000000101110000000000000000001100000000000000000000
00000111010000001011000000011100000000000000000000000001110000000000000110100000
00000011100000001000000000110100000000010000000000000001011100000000000010011001
00000100110101000000000001101100000000100000000000000000001100000000000111001101
00000010110000010110000000000000000000010000000000000001110100000000000010101101
10110111100000001011000001001000000011110000000000000000011101001000000000001011
00010110100000100101111000101100000100010000000000000000000001111011101011001000
11001110101111001000010110000000000000000000000000000000000010110011100000010011
00000000001101100011001110000000000000000000000000000000000000000101010000001010
00101000000000000000101100000000000000000000000000000000000000000000000000000000
10010000000000000000101100000000000011010000000000000001110111101000100000000000
11011000000000011100000001001001101100100000000000000001010001110000000000010101
01011000001100110011000001111001101100110000000000010001001111010000000000000000
00000000000000001101000000011111010101010000000000000001101000000100100000000000
00000000000000000000000000000010110101100000000000100001010111011001110000011011
10001000000000011110000001000000000000000000000000101110010111100001110000000001
00011000000100010010110011101000000100000000000000110100000011011000000000000000
11001000001000100101011010011100000111100000000000001011000100000000000000000101
11001000000101100000100110100100000110101010000000000001000100000000000000000000
11100000000000000000000000011100000101110111100000000001000000000101000000000000
00000000000000000000000000011100000000110111100000011110011000000101010000011100
00000000000000010011000000101100000000000101100000000000110101001110110110110001
10101000000000010011000001011100000000000111100000000000000000000001110000001111
10111000000000000000000000100100000010011100100011100010000010011011100000000000
10010000000000000000100100110100000110100111011000110110010011000000001000100101
00000111010000011110000001001000000101111110111011111001011011001000000000010111
11101010111111011110000001001100000101110000000000000001001111000000000000010110
01110101101110100000000000011100000110000000000000000001101011001000000000100000
00100101101010100000000001110100000000001011100000000001100011001000001001000000
00010101101010110011000000011000000000000000000000000001001100000000001110110110
01111000000111101011000001100100110100110000000000000001011010011000001101111101
11011000000011110101000000000010100000000000000000000000001010100000001001111101
10010000000101111100000000111110001000000000000000000001011001101101001001011100
00000000000111010001000000000001100100010000000000000000000100000000000100100000
11001000000000000000000000000010111110110000000000000001010101110000001001000000
10101000000000000111111100000010110101110001000000000000000000000000001110000010
11101000000000010011111100111101011011110000000000000001000011110000001100001111
11100000000000010100011001110001011101100101100000000001011010110000000100000000
10110000000000000000101101001100001110010011100000000001001101110000000010100000
00000000000000000000011011101100010000111100100000010100101010111000000111000000
00000000000000001000110100110100010011111111000000000000111011000000000011100000
00100000000000000000100101110000000011111011100000000000000001111000000011100000
11011000000000011001110110000000000110000000011000000001100111010000001000000000
00001000000000011101000110000000000011100000000000000001000010101101101111000000
00111001000000000000011010000000000101110000000001000000000011100000000111100000
11110000001101010001111100101000000110110000000000011000000001001000000000000000
11010000000100100101010110110100000110110000100000000000000000111111010000000000
00000000001001001111101100000000000010110111100000000001011110100000000000000000
00000000001110000000000001110000000100100111100000000001101000000001110000000000
00000000001011100000000000111100000110000010100000011100000000000000000000000000
00000000000111100000010100000000000110000000000000100010010000000000000010100000
10001000001011000000000000101100000000000000000000010101111011100000000111100000
00000000000011100000000001100100000110110000000000011011101011100001011001000000
00110000000000000000000000000000000001100000000000100100000010000110110000000000
00010000000000011110000000000000000110100000000000000000000000000111010000000000
00000000000000000000000000000000000111010000000000000000000011010111100000000000
00000000000000000111000000000000000110010000000000000000101110111000000101100000
00000000000000000110000000000000000101110000000000000100101011110000000011100000
00000000000000000000000000000000000001000000000000101101101001110000001010000000
11100000000000000000000000111100000000000000001001111001000110110000000000100000
10100101010000000000000000011100000111011010100000011001101111011000000101100000
10101001010000000000000000000000000011010000000000101100000010101000001101100101
11100011010111000000110000000001100000000000000000011001011010000000000000011011
00001000110000011110000000000000000111010000000000110100110001101000000000001111
10001001000000000000000000000000000010111101100000000001101111001000000000011100
10011000000000000000000000000000000011110000000000000000000000000000000000011100
00000000000000000000000000000001100000000000000000000001101000000000000000011000
00000000000000011100000000000000000110000000000000000000101110101000001110100000
00001000000000000000000001000100000010010000001010111000011110000101101111000000
01100000000111100000000000110100000000000000001011011000000011001101010110100000
00000000000111111100001110110100000000001110011011101010000001000001110000000000
00000000001100111010110001101100000000000000011001011010010000000010100000000000
00111000001010100000000001111000000000001001000101110000010100000000000000000000
10011000000011000000000000000000000001110001100000110110011000000000000110100000
10101000001110100000000000000010101011101000100011101111101000000000001110100000
11110010101011100000000000000000000000001011101001000001110000000000001000000000
00000101011000111001000000000011010000001101110111000000000000000000000000000000
10011101110111100111000000001011011111000000011100000000000011100000000000000000
11011100011110011100000001010110010011100000000000000000110110101000000000011100
00000111101011001111000000111101101111010000000000000001101100000000000000001111
00000110100110001110000001000101011111000000000000100001111001000000001011100000
00001011101111011101000000000001001011110000010110111100010111010000000000000000
11011101011011111101000000000010000101110000001111001001110101111111100000000000
01001110101111011100000000000001100000010000000111000000101110000000000001000000
10001001111110000000000001011011001111000000011011000001111000000000000010100000
00000001100000000000010000010100000101110000000000010110000000000011000000000000
00000000000000010111101111000100000000100000000000011101011100000011100000000000
00000000000000010101001101111010110111010000001111000001101010011111010000000000
00000000000000011101101111101000000000000000011110000000111101111110010000010011
00000000000000000000111000001000000000010000001110000000101111011000000000000000
11100000000000010101110100101100100101110000000000000001011100000000000000000000
00000110010000000010000100000010101110110000000000000001101000000000000000000000
00000010010000011010000000000001000100100000010011000000000000000000000000000000
00000101000000000000000000011100000010010000001111011110111100100000000000000000
00000111010000000000000000000000000000000111000000011100000010011000000011110110
11011110110000000010000000000000000000000001000000000001011000000000001111010011
00000101010000000110000001001100000001010000110010000000100100000000011101010111
00000101110110100111000000000010000100011110110111000000100010000011111110000000
00000110011011011110000001111000000011101111011001000001010001110100110111100011
01000011101011001110000001101111101001100100100001000000100101001101111110011001
00000001011100100000000000101111110110010100000000000001101100000111010011100000
11100101100000000000000001001111100100010000000000000001101100101101110111100000
10111111010000001101000001010111100101000000000000000001110100000111000101100000
01100000000000011011000001000100000000000000000000000001110100000101010000000000
00000000000000010010000000000000000000001010000000000000000111100000100000000000
10011000000000000000000000111101010100110000000000000001010010011001001100000000
11100011010000000111000000110100000000000000011100000001101000100100000000000000
00000100010000000000000000011100000000000000011110000001100110100110110000000000
00000101100000001010000000000000000101000000001100000001111000000000000000000000
10101011010000011011000000000011101101110000011001110011011000000000000000000000
00000000000000010011000000000010110010110000000000100110110000000000000000000000
11100000000000000000000000000011000011100000000000011010000000000000000000000000
00000000000000011110000000000000100101000000000000110111100100000000000000000000
00110000000000000100000001110100000111000000000100000000001100000000000100000000
00000000000000011011000000011100000000000000000000000000000000000000001101100000
11100000000000001110000000101100000000000000000000000000000000000000001110100000
00000000000000000000000000011100000000000000000000001010000000000000000000000000
00000000000000010001000001101000000000000000000000101110000000000000001110000000
10111000000000000000000001110111010000000000000000011111110101011000000000011001
00000000000000000000000000000000000000000000000011000000000000011000001011100000
00000000000000000000000000000010110110110000010110000000000000000000000000000000
00010000000000010101000000000010111100100000011100000000001000000000000000000000
00000000000000001000000000010011010100000000010110000001010100000000000010000000
10001000000000001001000001101100101000000000001000111101000111110000000000000000
01011000000000001110000001101010011110110000000000010110110110011000000000000000
01010000000000001000000001111010110000000000000000000000011001001000000000000000
11010000000000000000000000010011110000000000000000000001011110111000000000010000
10110011010000011000000000000000000000001010000000000000000000110000000000001010
00001101010000000000010101101000000000000000000000110010000011011000001110110111
11100001000000001011100011010000000000000000000000110100000010101000001001100000
00000110100000011101001111001000000011010000000000010111110011010000111010000000
00000010110110001011000001110000000111010000000000000001101101100000000000000000
00000111001101111110000000111000000110111010000000000001110101101000000000000000
00000011101011001101000000010000000011010000000000000001000010011000000000000000
00000000000011010011000001001100000110110011100000001000000000000000001101000000
00111000000000000000000000000000000000000110000000000000000001001000011001000000
00000000000000011110000001101000000000000000000000101101100010111010110000000000
00000000000000010111000000101100000011010000000000110001111010101110011000100000
10011000000000000000000001001000000000000000000000000001101000001010111011100000
11010000000000000000000000000000000000000000000000000000100001011000000000000000
00100000000000000000110101101000000111000000000000000001111100000000000000000000
11011000001011001011000000011100000000000000000000111100111111100000000000001110
10000000000000000000000001010000000101000000000000011010100001001000000000011011
00000000000000010010000000000000000111000000000000011110000011101000001000101011
00000000000000101011000001011100000110100000000000001110011100000000001101100011
00000000000000000000110111000000000010010000100000000010001100000000001110101110
10111000000000000000111011110000000001000000000000101100000110011000001001000000
01011000000000001001010110101110100000000000000111100110111100000000001111011011
01100000000000010010000001011001100000000000000000111010100000000000001111000000
11010000000000011110000001011001111010100100000000010110000000000000000101110100
00011000000000001110000000000010110000000101101101010100000000000101100000011010
10111000000000010011000001111011110101000000000100101101100110111110000000000000
11000000000000010110000000001100000110010000011010011000000000000000000000000000
00011000000000000110000000000000000101110000000000000000000011010000001010100000
10111000000000001101000000000000000110000000000000100000000000111000000010100000
11010000001001111110000000000001011100010000000000000000000000110000001001000000
00001101000010111000000000000001011000000000000000000000000000000000001001000000
11001100010000000011000000000010101000000000000000000001011100000000001000000000
00000011000000010011000000000010101000001010111100000001001000000000001110000000
01001000001100101110000000000001111010101010100000000000110100000000000101101110
01010000000000011100000000000000000010110000000000000000111000000000000110101110
00010000000000011011000001011000000011100000000000000000111100000100001111000000
01011000000000011000000001110100000110100000000000000001010100000000001101110110
00000000000000000000000000011100000101110000010000111010000000000000000000010110
11001000001110100000000000100000000000000000000000011000000000000000000000000000
00000101101011011001000001010100000001110000000000111100000000000111010000000000
00000101010111110010000000000000000000000110000000111100011100000011100000000000
00101010110110010101000001010100000000001010100000100111101000000010100000000000
00000110011010101010000001100110000000000111000000000000110100000000000000000000
00000000000000001101000001101111100001000000000000000000000000000000000010000000
01011000000000011110000001110011010010110011100000111000001111010000001011100000
01111000000000011110000000100011011110110000000000000001001100000000000000000000
11100000000000011110000001111000111011100000000000000000111100000000000000000000
11110000000000011101000001000010110000000000000000000000001000000000001110100000
01100000000000001011000000110011010111000000000000000001000000000011000111000000
11010000000000000110000000000000000000000100001011000000110100000000101101110100
10101000000110011110000000100000000000000000011101000001000000100000000000000110
00111000001110101101000000000000000011010000001110000001010100000000000000000000
00100010101100110110000000000000000100011101100000000000101100000000000000000000
11100000000011010010010010011100000000110111000001000000001000000000000000000000
10100000000000010011000000000000000001110000000110000001101011101000000000100000
00000000000000001101000000000011000101100000000111000000101111101000000000100000
00000000000000010010000000000010011000100000010100000001111000000101110100100000
00000000000000011010000000101101011101011110011001000001110000000101111011000000
00000000000000001000000000011110111101111011100000000001111010101011011100100000
10011000000000010100011101010111110000000011100000011111101010110000000011100000
10010000001110100000101111101011011010011010000000000000111110000000001110100000
01001000000000001011111001010100011011110101100000000000110101111000000101100000
00000000000000011001000100010011000110000011100000000000111100010000000011100000
10111111101100100111110111100101110010110111101100000001010100000101101001011010
10111001010101111100101100000000000101111100110110000001001100000001110000010101
10110000001111011110000000000010101000010000001010000001100000000100100000011101
00000000000110111110000001010100100110100000000000000000000000000000000111010101
00000000000000010000000001000100000000000000000000010011010000100000000000011101
00000000000000001111000001100100000011100000000000100011011010011000000000011101
00000101110000001000000001010100000000000000000000100000000000000000000011111101
00000011110000010101000001101000000101001101000000011110000001101000000000011110
00000000100000011101000001001100000010100000000000000001001101101100010000001100
00000010010000001101000000000000000101110000000000000001111000000011110000001101
00000000000000011001000000000000000101110000000000000001110011000011010110101011
00000010110000000000000000000000000010110000000000011111101000010000001011100000
00001010110000001110000000000000000000000000000000011110111011110000001100100000
00000000000000011110011110000000000010010000000000010110000100000000001110000000
00000000000000000110011110000000000011101101000000110010110110110000000111100000
01111000000000011101100010000000000000000111100000101101101000000000000101100000
01000000000000011100100101111001010011101100100000100000000000000000000000000000
10011000000000011011101101101101001101101101000000110001100100000000000000000000
00000000001110100101001111110000100000000000000000000000101000000000000000000000
01111000001001000000001001100100000000000000000000000001101100000000000000000000
00000000000111000000000000000000000010100000000000000001011100000000001101000000
10000101000000000100000000001000000000010000000000000000101000000000001010000000
00000111010000011001000000111000000110100000000000110011100100000000000011000000
00000000000000000000000000000000000000001100100000101111110110111000001010100000
00000000000101011101000000000000000111001111000000100010000001011000000100000000
01111000000111001000000001010100000110001010000000000001001101001000000000000000
01011001000000010011000000000000000010111001100000000000011011110000000000001010
11100000000000011110000000000000000000010000000000000001101011101000000000000000
00000000000000011110000000100110111000000000000000000000000011110000000000000000
00000010000000010110101100101000001000000000000000000000000010101000000000000000
00000000000000010001000110101010101000000111100000000000100110111000001110000000
11011000000000101101111010110100000101111001000000000001010011110000001010000000
10111010001000110101110100000000000100100000000000000001101000010000000101000101
00111100000001111001011110000000000010110000000000000000110000000000000000001100
01011010101100101111101101000000000000110000000000000000010011100000000000000000
00000011110000000000010111110100000101110011100000110010000000000000000000000000
00000011100101000000000111000000000010100011100000000010101100000000000000000000
01111101111010100000000000000000000101011001011000000001110000000000000000011100
00001010100000000100000000000000000101110111110111000001110100010000001000100000
11110110110000010011000001001100000000000111100000011111010111010110110000000000
10011000000000010010000001011000000111000000000000011111110000000101010000000000
10101000000000000110000000101000000101100000000000110101100100000001000010000000
10011000001001000000000001110100000111010000000000110000000100000000000000011100
10101000001011000010000000110100001111010000000000001111010100000111010000001101
00000000000110001111000001001000000000000000000000000001101100000000000000000000
00000000000011100100000001101110101000000111000000000000111000011000000011100000
00000000000000011110000000100100000000000010100000000001101000000000000000000000
00000000000000010101000001111000000000001111000000000001101001110000001000000000
00000000000000000000000001110000000000000000000000000001010110011000001001100000
01001000000000011101000001101010001011011100100000000001110100000000001010001101
11001000000000010000101110110000000000011100101110000001010100000000001100110001
01110000000000001100110111111000000000001101100000000001011000000011011001111110
00000000000000011110011010100010101101110000000000000000001100000010110000010110
00000000000000000001000001000000000001100000000000000000110100101010111000000000
00000000000000111010000001011000000101010000000000000001000101001011010000000000
00000000000100011110000001001100000000000001101010000000000000000110010000000000
00000000001001001101000001010100000000000000010110000000000000000001111101000000
00000000000010011100000000000000000010010000010111000000000010101000001000100000
10010000001110100100000000000001010000000111100000000000000011110000000100100000
00000000000000010000000000000000111111000000000000000000000000000000000000000000
00000000000000000010000000000000000000100000010110000000000100000000000000000000
11000000000000011110011011001000000111101001010111000001011100000000001101100000
10011000000000000010000001111001111111001011010110000000110100000000001100100000
10001000001010111110011111011111010011010000010010000000000000000000000000000000
00101000001010111101101100000011010101000000011101000000000000001000000000000000
00000000001110001111000000000011100000000000011001110010000010011010010000001111
11100011110000001111000000000011100000000000000000011100111111101110010000000000
00000111100000001011000000000001111000000000000000011011011111100000000000000000
00111000000000011010000000000011011110000000000011110100101101001000000000000000
00000101111011100101011000101110101011100000000000101101110101110000001110100000
00000011100111001111000100000000010100000000001001110101110101101001101110000000
11010000001110001011001100000000000101010000011101011010100000000001110010100010
11101000001010100111101100110000000000000000011100111100101100000000000110100000
00101000001101100000001010000000000000100000011110111100111100000100010011000000
01101000000000010011000000100000000000000000000000000000000000000000001011100000
11001001000000000000000000000000000000000000000000101000111000000101010000000000
11000110100101101111000000101000000000000000000000111100010100000001110000000000
00000000010000010101000000000000000110010000000000000000000000000100000000000000
00000101110010110100000000000000000000000000000000000000101100000101010000000000
00000011111010011100000000000000000110110000000000000001010000000011100000000000
00000000000000000000000000000000000000000000000000000000101100000110111000100000
00111000000000011001000000100100000010010000000000000001110001110000000000000000
11100000000000010011000001010000000001110000000000000001001010010000000000000000
10101000000000000000000000110100000100110000000000000000000011011011100000000000
00000000000000010010000001001100000011000000000000000001110111100100111011100000
00000000000000001010000000000000000001010000000000000001110110111000000000000000
01101000000000001110000000000001101110111011010010000001100001111011010000000000
11100000000000010001000000000000000110110000000000000001011001000011110000000000
00111000000101101000000000000001111110000000000001000001110101100000110000000000
01110000000000001110001010000011000011010000011010000000101000000000000000000000
10011000000000011011100000000010111000001110010011110110000000000000000000000000
00000000000000011110001010000001111000001101011100101110000000000000000000000000
10110000000000011100000100000000000000001110111100000000000000000101100000000000
11101000000011101011110100000000000010110000000000000000000010010000000000000000
11100000001011001011101011110100000010100011001000000000000011110000001100000000
00000000000111111110011010110000000110100011100000000000000100110000000100000000
00000000000000001110010011100100000000011011001100000000000001001111100101100000
00100000001000000000111000000000000101111010111101000000000010010111010000000000
10001000000000000101000000000000000110000101100011000000000100000000000000000000
10110000000000011110000000000000000000000111111000000000100100000000000000000000
00110000000101000111000001011100000000000000000000011011001000000110011100100000
00000000001111011010000000110100000000000111000000110010001000000000000000000000
00000000001011101100000000101100000100110101111011001000001100000000001100100000
00000000001100000000000000000000000101110000010101000000000011000000001001100000
11010110010000001000000000110100000100010000000000000000110000000000000101000000
01010110110000000000000000000000000011010000000000001111110000000000000111000000
01011000000000001001000000000000000101110000000000101100101111101001111011000000
10011000000000001110000000010000000111000000000000000110000000000110100010100000
10101000000110110101000001110000000100100000000000000001110100000010101110100000
00111000011011011101000000000000000010110000000000000001011100000100101101000000
11010110100000011001000000100010010111010000000000000001011010011101111001000010
11000111000010100000000000100000111000000001001111000000001110111011011100100000
00000000000000010010000000011100000000000000011001000000010000101000001001100000
00000000000000010000000001111001111000000000010111000001011011100000000111100000
00000000000000011101000001011111001101110000000000000001101010101000000000000000
00000000000000000110000001110100000000110000000000101110101111101000000000000000
00000000000000000000000000110100000000010001100000110101101001001000000000000000
11100000000000000000000001110100000101110110000000001011010100000000000000000000
00111000000000000000000000000101001110101101010100000000000010100000000000000000
00000000000000000000000000111101101000010111011001000000000010001000000000000000
00000000000000001110000000101110010000101010111010000001011100000101111010100000
11101000000000000000100000011100010000001010100101000001101000000001110000000000
01111000000000000000000000000000000000000000000101000000010110011111010000000000
01101000000000000000000000000000000000001000111100000000010000000011110000000000
10010111100000000000000001001000000000001101110110000000000100110011010000000000
11011000000001100000000000000011011010101111000011101111000101010000000000000000
10011110100000000000000001000011110010100010000000010110000000000000000000000000
10001011110100000000000000000000000000001100000000000001010100000000000000000000
10000000010000001000000000000000000000100101111100000001101000000110010001000000
01111000000000010010000000000000000000010000000000000001000000000000001000100000
00010000000000000000000000000000000110000000000000110001011011010011010111000000
00000000000000011110111001000100000001100000000000011100000000000000000000000000
00000000001011101001110110100111010000100000000000001010000000000000000100100000
00000000000100110011010111110011010011110000000000100110000010110000000100000000
00000001111001111110111010000000000100010000000000000000010000000000001011110111
11010111011110111100101111101100000110100000000000000001110110011000000101100110
00000111010111000000111011001000000101111010011101001110000011110000000000000000
00000000001000011100011100111000000101011011001100000000010001010000000000000000
00000000001011000111101010000000000110011101000000000000001101101100110000000000
00000000000011011101111100000000000101010000001001000001011001110000000000000000
10110000000100101010100100111100000000110000000101000000011001110000000110100000
11101000000100110011110110000000000100100000000000000001110111000000001111000000
11001000000000011010110010000000000100110001100000000000000010011000000100100000
11010001100001000000000001101100000000010111000000000000000000100000001011101111
10111101101111010011000000010000000000001111000000001110010000000000001101100000
11100001101110010111000000000011011000000000001111111001100101011000000011100000
00101000000011011001000001000011101000000000000000010011010100110000001011000000
11011000001011000010000001110111001000000000000000110011100111011001100000000000
00000000000000011001111101111000000000000010100000011100101100101001100000000000
10011000001011110000110101010001101000000101100000001100000010100110011001000000
10110000000010101101010110101111001111001011000000011100100111010011011011000000
11110000000001010101100110001000000110101001100000100110011011001101100000000000
00000000000000010101111001111000000110110000000000010110000000000000000000000000
00000000000000000010110110110100000011010000000000011100000000000000001000100000
00000000000000011110010010110100000010110000000000000101100100000001110111000000
00000000000000000111100111111000000111010000000000100111010100100101111000000000
00000000000101111110110011110100000000010000000000000110000000000110110111000000
00000000000111100000100111110100111000010000000000011110111010010100110000000000
00000111001111011110000000010111010010110000000000111011010001101000000011100000
01111010001110010101000000000001110100110000000000111100111111100111100011000000
11011011110101101111000001001011000100000110000000000000011000100000001001100000
10101001110001111110000001001110101011000111101010000001011100000000000110100000
01010011011101100000001110011100000001111011000000111100000000000000000010100000
00000000001000101110101011010100000000000000000000110010011100000000001100100000
00000000000000000110000001110000000101110000000100110001110000000000001110100000
00000000001101001101000001000100000101110000000000000001001000000100110000000000
00000100111001010000011011000000000001110000000000110011100000000100110000000000
11011000000000011110110010000000010100110000000000110011101101101010010000000000
00110000000000010101101111110000000001100111000001001000011000000000000000000000
00111000000000010011001101110000000010111001100000000000101000000000000000001101
11100000000110101010011000110100000111101010000000000000110110001000001001010101
11011000001110011001010100000001111000000011001101000000000010011000000000001111
01011000000111111110000000000010111000000000000111001100100111100000000000011010
11011000000000011011000000000000000100110010111101010110000000000111010101100000
00111000000000001110000000100100000111011100100000101100000000000110101001100000
11001000000000000000000000011100000010100000000000000100000011100000000000000000
11001000000000011110000001101011100001110000000000000000110110110000000000000000
00000000000010000100000000000000000110010000000000000000101110110000000000000000
11010000001110001000000000000000000110110000000000000001111000000000000000000000
00000000000001011100000000100100000010100000000000011110000000000000000000000000
10001000001101101100000000101100000011000000000011000000000011001000000111100000
00000000000101110001100000000000000111000000010101101000000001111000000000000000
00000000001011000111111011110100000000000000001001010010001100000000000000000000
00000000001001000111110100100100000000000101111011000110000000000000000000000000
00000000000000000101110101001000000000000000011001100011010100000011010000000000
00110000000000001000000110100011010110000000011110111011100100000011100101000000
11010101010000000000000000000001011111010000010000100111000100000000001001000000
00000000000000000000000010000010110111100000000000000000010110110000000111000000
10010000000000011001100100000000111011010000000000110011001100000000000000000000
11001000000000000000110100000011001101110000000000000000101100000000000000000000
01011000000000000000101101110011101000010000000000000000011000000000101011111010
01100000000000011101000001100000000000000000000000000000011000000010110000011100
00000000000000000000000001101100000101110000001001000000110100000110110000001110
00000000000000011101000000000000000001100011100000110011000100000000000001000111
10111000000000001111000000011100000000001100100000010111011000000000000000000000
10110000000000011101000001101000000011101111001011000000010011101001000101100000
01000101110000000000000000000000000011010011100000000000001100000101100000010100
11100001010000011110000000000000000110101110011001101100000000000000110000001110
10100110110000010001000000000000000110001101101101111010000000000000000111000000
11100000000000000000000001001100000110100000001001101010000000000000000011100000
01001000000000000111000000010000000001110100000000110010101100000110101101000000
11010110010000011110000000000100000011000000000000001100101000000011100111000000
11100111010010100000000000000000000100000000000000101100000001001101110111101010
10011101010000000100010000000000000011100000010100000000000001100000100000000000
10110011100000000000000010011100000111000111111101001000000000000000000000000000
01111000000000000000011100000000000101010000000000001110010000000000000001000000
10001000000000000000111001101111001010100000010111011101001100000000001100001010
11011000000000000000011110000011011101110000010111111001011000000000000101111011
01010000000101110001101010101101100011100000001101100111100000000000000110000000
11011000001101011110110110101101001000000000011010001010011000000000001111000000
01111000001001011110110110111100101101010000001110011110110100000000000011100000
10111000000000000111000001110011001110010000000000010111101010000000000011000000
11000000000000011110000000011100000110100000000000011111011100000000001011000000
00000000000000001000000000000000000101000000000000000000101100000000001101000000
00000011010000000000000000000000000101100000000001000000000000000000001001100000
00000000000000010000000000000000000000000000000000000000101011000000011111000000
00000000000000000000000000000000000100000000000000000001110110111110110000100000
10111000000000001100000000000000000100100110000000000001011000100000000000000000
11001000000000001111000000000000000000000000011000000001001100000000000000000000
00000000000000000010000000000000000000001110101110000000110100000000000000000000
11010000000000001101000001010100000000000111000001000000011100000000001001100000
00000000000000000010000001010101011011010111111110000000011100000000011100100000
00000000000000010100000001111000000101110010111011100001010000000000000000000000
11101000000000011110010110000000000000000011110101000001010100000000000000000000
00111000000000011100111101001000000000010000010110000000101100000000000010100000
00000000000000010011000001101100000010100000000000110000110000000000000011100000
00000000000000011011000001000100000000100000011110011100000000000010110010000011
00111000000000011100100000000000000000110000011010110100000000000000000000000000
10101000000000000000111100001000000010000000001111110011101000000101010000000000
01011000000000000101111000001101001100100000001011000001010011011101100000000000
10010000000000010100000000000010101110100000000000000000111110111001110000000000
00010000001011110011000000011101001011110000000000000000110111010100010000010011
00000000000000011110000000000010111101110000000000000000001001111011100000001000
00000110010000010011000000000001101000000000001100000001111000000101010011100000
00000011100000000010000000000000100000000001011010000010000000000001000000000000
00000101010000010100000000000011100000000111101000011111000000000000000000000000
00000110110000000000000000000011010000001110100000000001011100000000000000000000
01011110100000000000000001110100010000000001100000000001011000000000000101000000
10001000110000000100110010000000000100010000000000000000110110111001000010000000
11110000000000000000100001110000000110000000000000000000000001011101000000000101
00100000000000000000101011101000000110110100011010000001010111101101110000010110
00000000000000001101101100001100000010100111100000000001100000111010000001000010
00000000000000010011010110111011110000001011010011000001101010101100111001100000
00000000000000011110101101001001000000000000001010110011101111010111010111000000
00000000000000010010011011110011010000000000011100110100101110000011000111100000
00000000000000000100010110000000001001100000011110000001111000101000000011100000
00000000000000000111011000000010001101100000011101000001001000110000001110100000
11100000000000010011011010000001011101010000010101110101101110010000000111000000
10111000000000001111011010000011100000000000010010011011100111000000001110111110
00000000000000000000111000000010101000000010010110111100111010101000001010001011
00000000000000011101000001010000000000000000001111110100000000000000001010000000
00000000000000011101000001101100000101110000001000000000000000101000000100100000
11100000000000011100000000011101101010010000000000000001101111010000000000000000
11010000000000000000000000000011011000000000000000000000000011101000000000000000
11011000000000011110000000001010011110110000000000000000000011101111010111000011
00000000000000001111000001000001001111000000000000000000001110011000011000111000
00000101100000010011000001001100101011010000000000000000010101101010101011011011
00000000000000000000000000000000111000000000000000000000111001010000000000000000
00000000000000000000000000000011001100000000000000000000000001000000000000000000
11110000011111011110000000000000000011000010100000000000110101010000000000011000
00000101111000100000000000000000000100011010000000000001101100000000000000011110
01111111011001000100000000000000000010100000000000000001101000000000000000000000
10110110100000010000000000000011010110110000000000000000101110111000001111000000
00000000000000000000000001111000000000000000000000000000110100000000000000000000
00000000000000000000001001010100111000000000010101100101011000000011110000000000
00000000000000010101000001111000000000000000000000010111010111110101100000011100
00000000001000101000110011000000000000000101100111000001011100000101110000000000
00000011111010100000000001110100000000011100100000000110000111011000001100000000
00000101110011000000000001010100000000001010100000110010101111100011111010100000
00000001001110011010010111111000000001010000000000101101011110010000000000011010
00000011010000011110100111001100000000000000000000000001101000000000000000001010
11101111000000001011000001111000000000110000000000000000000100000000001011110101
00000101010000000000000001110000000011000000010101101110000100000000000000000000
00000000010000000000000000101100000101110000010110010110000000000000000000000000
00000110110000000010000000000000000101011110000000000000000010010000001011000000
00000010000000011100000000000000000111000011001000000000110110001000000000000000
10001000000000000001000000000000000100111100000000000000110100000000001000000000
11011000000000010111000000000000000000000000000000000001101000000000000111100000
00000000000000010001000000000000010101110000000000000001000110000000001110000000
11100000000000000110101101111000000111000000000000000000000011100111011101000000
10011000001010101001111100101100000001110000000000000000101111111100111100000011
00011000001111011100110101101100000110010000000000001010001100000000000100010011
01111000001101101011011011110011110011110000000000010101000010000000000000000000
01111000000000000101110011111001011001000000100000000000000010111000000000000000
11101000001101000000111000001101011000000000000000000000000001001000000100000000
11100000000000011001000111101101011000000000010110000001011111001011110011100000
01011000000000010111111101001011010000000000001111000000000000000111000000000000
10111000000000001000000001111011010000000000010101000000000000000000000000011010
00000000000000001000000000100111100111000000000000000000000001010000000000000000
01111000000000000000000000011111111010010000000000000000000001101000000000000000
01100000000000000000000000000000000101100000000000000000111111010001010000000000
00000000000000010010000001110000000000000000010111000001001011001000000000000000
00000000000000000101000000011100000111010000011101000000110010111000000000001000
00000000000000000000000000000011011101010000011101000001000100000000000000011101
00000000000000000000000000101000000001110000010001000110000010001000000000000000
11011000000000000000000000100000111000000000000000001000111110100100000000001101
11011000000010000111000000000000000111000000000000000000110000000110100000010110
11110000001000011011000000100011011011110000000000000000000000000110110000011001
11100000000000010101111000000010011011100110100000000010000000000101100000000000
00000000000000000000000000000011011011111110100000111000000011000010111101000000
01111000000000000000000000000000000000001011100000100110101010100000000000000000
00100000000000000000011010000000000000000010000000011001001101101000000000000000
10011010110000010111010111001110110001000000011000000001001001111000001010100000
00000010110000011110101000011000000000001011000000000001011001101111010100111100
00000001110000000000011011101000000110000111100000000000010011100010101110001100
00001011100000001010001110111000000000001111000111000001101001100101001001110100
10100101100000000000000000101000000000000010110111000000000000000000000000010110
00000101010000000000000000000000000101000010101010000000011000000000000010100100
00000001010000001011000001111000000111101001100001100010010100000000000101111011
00000111100000001010000000110110101110100010101100100111101011100000000000011101
00101101001100111110000000100011101101101010110101000000000001001000000000011010
01011011100000011000000000110111110011111011010010000001000011100100100000000000
11100111000111011010000000110101101111010000000000000000000011110100100100001011
10001000000001110011000000000011101110100000000000000000101010111110011100010011
01111000000000000000001110101001001001100000000000000000011011100000001011100111
10011000000000000010111011111000000101110000000000000000100000000000001011000000
00000000000000001001111001101111001101100000000000000001000000111000001011100000
00000000000000011001011101001111101001110000000000000000101110010000001001110110
00000000000000010001111000101100000111001101111101000000101011001000000000011110
00000000000000001000100100011100000010110110000000011010000011101000000000011101
00000000000000010100000000100000000000101111000000000000000000000000000000001100
00000000000000001101000001110000000000001011000000000000000011001000000000000000
00000000000000010011000000100000000111000110110000000000110001110000000000011100
11101001110000010101000000011001000100100000000000011011010110011000000000000000
10101101010000000000000000000000000000100000011010000000000011110001110000000000
00000101110000000000000000000000000100110010100000000001100100011011111000111100
00000000000000000000000000000000000010100110101110000001011101011011110000001111
00000000000000000000110010000000000011110000010100000000100100000101000000010101
10010000001000111011111100000010101000010111011100101010011000000000100000000000
00111000000000010011000100101111010000000000001100000001011100000001110000000000
11011000000000000110010111110101110000000000010011000000000000000101000000000000
00010111000011100000000000110110000000000000010011111011111001001000000001100000
10100110111011110101000000101111100000000000000000110011110000000000001011100000
00000110010000110110000000000000000000000000000000101110010100000000000000000000
00000010110000000000000000101000000100010000001001000000000010000000000000011110
10101000000000000000000000101100000101110000001011000000000000111000000000001011
00000000000000001001000000100100000110000000000000100000000010011000000000000010
00000000000000010100000000000000000101110000000000011010111010111000000011000000
00000000000000011000000000011100000011010000000000011110011100000000000101100000
00000000000000010100000000111000000101000000000000000000000011110000000000000000
00000000000000000000000000110100000110110000000000000000001100000000000000000000
00000000000000011110000001001100000010100000000011000000111100000000001000100000
11110000001011100111000000000000000011010000010110000000100000100000000000001110
11101000000000000000000001101000000010110000000000000001000000000000000111101111
00000000000000010011000000000000000000000000000000000000110100000000001010101101
00000101000000000000000000110100000000000000000000000000011000101000000000000000
00000000000000000011000000000000000011010000000000000000101100000000000000000000
00000000000000001111000000000000000100111110000000111010000010011000000000000000
00000000001101100000000000011000000000000110000000000001011100000010000000001100
00000000001010000000000000110000000000001001101011000001001100000011100000010111
00000000000001111101000001011100000001111011011001000001000100000001010000000010
00000000000011000111000001101000000011100000000110000000001110110111000000000000
00000001001011001011000000000000000000000000001010001010110110010000000000000000
00000110101101000000000000000000000000010000010110011011110000000000001100010100
00000000001111000000000001110001111011000000001111110101101000000000001110111001
00000000001000100000000000010001001111000110111110000001110100000000000000011011
00010000000101100000000000110111001110010000000000000000000010011000001101100000
11100000000010000000000001001000110001110000000000000001101000000000001100101010
10101000000000000000000000000000000011010000001000000000011010111000000000010111
01111000000000000111000001110000000100000000000111000000000001111000001101101101
00000000000000000111000000000000011111000000010101000001101010011000000000010110
01011000000000001110000000000011000001100000011001000000110010100000000000000000
10110000000000011110000001110100000001110010100000000001010101000000000000000000
00000111010000011010000000000000000101000011100000000000111010011000001001100000
00000010000000001001000001100000000110000010100000000001010101100000001010000000
01011011010000011100000000110100000000001010111100000000001010011000000000001110
01011110100010001111000000000000000000000000011100000000111001011000000000010110
00000001001100111101000001111000000011110000011100000001110101101000000000000010
00100000001011111001000000111100000010011011000000000000000001001000000000001010
00000000000000100100000000000000000011010000000000000001000000000000000000000000
00010000000111110000000000000000000010110000000000000001110100000000000000001001
11011000000110100000000000000000000000000000000000000000100000000000000000000000
00100000000101101100000000000000000000000000000000011001111010001000000000000000
10110000001100001101000000111000000000000110100000000000000011101000000000000000
01000000000000001001110110111100000000000000000000010000000000000110011001111101
00000000000000001110000000011111001000000000000000101100000000000011100111000000
01011000000000000000010110000001011000000000000000100110000000000110111110100000
01011000000000001110000000000001110101110010100000011010000011101000000000000000
00111000000000000110000000001011110000000000000000001111011100000110110000000000
11100000000000011110000000000001111000011010100000101100101100000000000000000000
01011000000000011110000000000010110000000101100000000000011100000000000111000000
00000000000000011000000000111000000100111111000000000000000000000000001100000000
11001000000000001111000001100100000000111010000000000001000000000000001001111011
00000000000000011010000000000000000011100100100000000000001100000000000000000001
00110000000000011011000001000100000111010000000000000000000000110000000000011010
00000110100000011011000000100100000101010000000000011010101010100000000000000000
00000100100000001110000001101100000111000000000000000001010001001000000011011001
00000011110000001001101111110000000100100000000000000001111011001000001010111010
00000001110000011101011100000000000110100000000000000000000001111000001010010100
10111110100000011001110101000111110001110000000000000001010100000000000011100000
11101000000000010000010111100100111000000000000000000001100000000000001001000000
11010101110000000000000001111000000000000000000000000000011100000000001010100000
10111111010000000100000001100100000111010000000000000001011100000000000101000000
11100101100000001001000000110001110001011100000000000001111000111000000111100000
00000000000000011110000000000011101000001011101100000000000000000000001110100000
10001000000000000000000001110000100000000000000000000001000001001100110110100000
10111000000000001010000000000011110000001001111110000000000010111011100101000000
01011000001010101010000000101101111100111101101100000000110010001100001101000000
11100000001000100000000001001011101000000000010101000001100101011110010000010111
00000000000110111001000000011111101000000000001101000001100101110011010000000000
00001000001110000000010000010110011101110000010010000001101111010001110000000000
00000000001010100000101111010101110101110000010110000000110101111110000000000000
00000000000111111110000000111100011000000000001111000000000000100000000000000000
01010000000000010101000001011100000000010000011100000000000001010000000011001011
11101000001101110010000001110100000010010000001001100010000000000000000000000000
10001000001000101010000001000110111000000000010101000000000000000010111011100000
00000000000000011110000000000011101000000000011110111000000000000011010000000000
00000000000000011110000000000000000000000000011011001111100000000010001101000000
00000000000000001111000000101011100001100000010001000101101100000000001110100000
00000010000000001110000000111100000001000000000000000000111000000000000000000000
00000001100000011101000001110100000110110000000000000000000010100000000000000000
00000001110000000000000001101000000001100000000000000001110001110000000000000011
00000000000111100000000001101100000010010000000000000000000010011000000000000000
00000100000011001011000000100100000000010000000000000000000000000000000000000000
11100000001100011001000000011000000101111011100000000000000000000000000000000000
00000000000000010000000000000000000000111111000000000000110100000000000000000000
00000000000000011100000000011100000011100000000000001101010100000000000000000000
00000000000000000100000001001100000000010000000000110101000010111000000000000000
00000000000000010001000001010000000011010000000000010100001110010000000000000000
10010000000000000000010111101000000000000000000000000101110011011000000000000000
01010110110000000000000000111111010101110000000000001110001111100000000000000000
01111000000010100000000000110000000111010000000000000010011010011000000000000000
00110000000000010010000000111000000101110000000000000000110101001100011110000000
01111000000000011010000001101100000011000000000000000001111010101110110000000000
01010000000000011110000000000000000101110000000000000001111000011001011000000000
00101000000000001011000001100100000000000000000000000001000001111100111110000000
00000000000000000000000001000100000110100000000000000000101101010110010100100000
01010010000000001011000001000000000011101101100000101100000010011000100111000000
01101101010000010101000000000000000000001110100000000001101100111010110110100011
00000110100000000101000000101100000000001001000000000001100100000100000001100000
00000011100000010101000000000000000011100100100000000001010100000010001110100000
10110011100000001000000000010000000110110000000000000001001011011000001110100000
10101101100000000111000000010101011011100000000000000000111111100000000011100000
11100000000000010010000001010110111010100000000000000001110100011000001011100000
10101000000000001000000001100000000001100000000000000000010010010000001101111100
00111000000000011110000001001000000101110110100000101010000000000000000000000000
10101000000000000000000000000001101001111101000000011011110100000000000000000000
00000000001101101110000000001100000010101101100000011111101100000000000000000000
00001000000000001000000000000001011111010000010000000101101000000000000100100000
10101011010000010101101101011110101010010000011001000000000000001110111110100000
11010000000000011010101110110111110000000000001111000000000011011111010000000000
00000000001101101110100001101110000000000000000000000000000011010000000111000000
00000000000000010101000010110010001011100000000000111000010011010000000000011001
00000000000000001111000000000011011100110000000011111011000000000000000000011001
00000000000000010010000000110100000001110000000000000000001100000000000000010011
00000000000010110101000000011100000101010000000000000001010101001000000000010110
00000000000010100000000000010000000001100100000000000001011110011000000000000000
01100000000000001111000001011000000101101001100000000000000011010000000111100000
00111000000000000111000000101100000001000000000000000000110000100101011001100000
00000000001000111110000001100100000111100000001110101110000100100000000000000000
00111000001001010011000001001010000100010000010110001000010010111000000110001100
00000000000100000000000001011100010101110000011100100010000010011001110000001111
11010000000000011110000000110101111101110000001100010000001101101111100000001011
00000000000000011110000001001100000101111010000000111010011110111101101111010011
01010000000000001011000000000000000110100011100010011011101111100110011011001101
00001000001101100000101000000000000111010000001110011111100111110000110000011001
01111010110000000000101110110000000100111100011100000000101100000101011110111010
01001111010000000000010001111000000110000011100000000001101101110000001100110010
00000000000000000111001110000001100001110000000000010101001110010000000000011011
11011000000000011010000000000000000011010000000000111011110100000000000001000000
00000000000000011100000000000000000011110000000000000000000000000000001100000000
00000000000000000010000000000000000110000000000000000000111100000011100000000000
01011000000000000010000000000010011110100000000000000001011100000000000000000000
00000000000000000000000000000010110100110000000000000001010100010000000000000000
00000000000000000000000000000001010001010000011110110101101011110000000000000000
10111000000011000000000000000010011000000000000000110010000000000000000000000000
01011000000000011010000000000000000000000000000000011110000000000000001110001000
10011000000000010011000000110100000000000000000000000000000000000000001100100000
01001000000000001011000000101000000000000000000000000001111000000000000101100000
01011010100000001101000000011100000010110000000000000000000000000000000001001011
00000101000000000000000000000000000000001111000000000000011100000000000110101001
00000000000000000000000000000000000000001010000000000001111000000000001000000000
00000111010000000000000000000000000111010111000000000011110100000000000001100000
00000000000000000111000000000000000000001100100000001011110101001000001110100000
01011000000110010100000000000000000101111001100000000000011000000000001111000000
00000000000000001000000001101100000001011111000000000001101000000000001101100000
00000000000000010001000000000000000110110000000000000001110100000000000110100000
00000000001011100000000000000000000000000101111100000000000010001000000000000000
00000000001101000100000000000000000000000110110101111100000000100111000000000000
00000000001011111010000000000001101000001100101100110101110101001101100000000000
00000000000111100111000001101000000011101001000000000001110100000011100000000000
00000000000011001110000000011100000110100000001100101110000000000000000000000000
11011000000000000101000001110100000101110000010001000110000000000000000000001010
01000000000000000000000001001100000011111110100000000000111110110001110000001111
00000000000000011101000000111010101000000101000000000001011000110110000011100000
01100000000000011100000000100101011011110000000000100111011001101001010000000000
01111000000000000100000000000000000101110000000000101100000000000101011101011001
00000000000000011100000000000000000101010000000001000000000001111010101011111110
00000000000000001001000000000000000101010000001010000000000000000001110100101100
00000000000000001001000000000000000011110010001001000000000011010000000000010101
11100000000000010100000000000000000110100000000000100110000010000000000010000000
11010000000000011010000001110100000101110000000000010001011011000000000110100000
01100000000000000111000001000100000101110000000000110011110100000000000000100011
00000000000000000111000001110000000000000000000000001110000111110001000000011100
00000000000000001001000001010000000011100000000000111000000010001111001010011101
00000110100000000101110111101100000000000000011011000000001111011111101101010001
00010010110000010001110110000000000000000000010010000001011000000101100010110101
11101110110000010110101010000000000001110100100111000001011000000101010110111101
00000111010000001010000000000000000101110000000000000000000011000001101010000000
00000101010000011101000000000010010111000000000000000000000001101000001000000000
00000101110000010101000000000001110010111011000000000000011011010000000000000000
10100000000000011100000000000000000010101100100000000101011101011000000000000000
00000000001101101011100110000001011110000000000000000001100100000000000000000000
00000001110000001001101111001100101111000000011001000000101100000000000000000000
00000110010000000000101100100110110101110000000000011111011000101000000000000000
01111000000000000000110001101000000010100000000000000000000000000000000000000000
00100000000000000000010011001100000111010000000000000000100111000111101011100000
00001000000111011010111100000011101100000000000000000000101100000110101000000000
10101000001011101111101110000010110000000000000000000001110100000110101110100000
11100000000110111110001110000000000110101100000000000001011100000000001101000000
00000011100000100000001000000010100101111100100000000001100100000000001001100000
11100001100000000000000000001000000110100011100000000000111000000110110000100000
01001011010000000000000001011100000101100000000000101101110000000011010110100000
10010111100000000000000000000000000001010000011001000000110000000000000000000000
00000100000000010110000000000000000000000000000000000001000000000000000000000000
11100000000000011110000000000000000101110000000000000000000000000110010000000000
10011000000000011101000000011000000100110000000000000000111000000101110000000000
00100000000000000000000000101100000111100000000000101100010011010011100000000000
00000000001011010100000000011100000111010000000000111100000000000000000000000110
00000000000110111011000001101100000100100000000000000000000000000000001110011100
00000000000110111110000000111010011010110011000000000000000010101000001100101111
00000000000000000000000000110101100101100000000000000000010000000111000000010100
00000111000000000000000001010110011111011101100000000001011111000000000000010110
10001010100000000000000001011100000000011100110101000001111000000010100111110010
10010110110000000001000001011000000000001000010100111000111100111110011110001110
00000111000000010111000000000001011000001110100111101100111000000011111100111110
10110000000000011011000000000010110110101001110111100000000000011000001101111101
00000000000000001000000000000001110000000000001110000000000001111000000001101010
01110000000000010010000001111000000000000000001001000000101111011000000101111001
11110100100000010101000000010111011000000000000000000001111010010100000011000000
00111000000000010100000001110100000100110000010101000001011011001101100111000000
11101000001101100100000000000001110000010000000000110110010100110011101100100000
10011000001101010011011101000011110001100000011110101111100100000000001011100000
00000000001110000110101100011110001110100000000000011110101100000000001110010111
00000000000110111110000001000100011011100111100000100001110000000000001011100000
00110101101101011101000001111010010101011010100110000001001100010000001111000000
10111100111010000000000000000001011011001110100000000000000001100000000000000000
00111010110111000000000000000011010101110000000000000000000000100000001101100001
00000101101100100000000000000010101011010110100000000000101000000000000111100000
00110000000110111010000000000000000101110010100000011000111100000000000000000000
00011000001100000000000001100100000100110101000000110101010000000000000000000000
10101000000000010011011100011100000001000101100000101100111000000000000000000000
10110000000000000111110010000000000011100000000000010001011000000000000000000000
11001000000000000000011010000000000000010000000000011011001000000111100000000000
10011000001010111110010110000000000111000000000000001011010100000011110000000000
00000111001011101100000000000000100011110000000111000000110100000110100000000000
00000110110000001000000001010110100110100000001111010101001100000110110000000000
00001111100000001001000001111010101000110100010101000001010101110101110000000000
11101000000000001110000001110001111110110000001101000000000000000100100000000000
01001000001101101011000000000010101011010000000000000000011011011101110000001100
11011000001111000010000000000010101001110101000000000000110000000101100000011110
10101000001000101001000000000010101011001110011001000001001111001111001010000000
00000000001110111010000000000000000011100010101100011111100010110010110000000000
00000000000100100000000000000000000101101001101001100011100000000000000000000100
00000000001000000000000000011100000111000111001101101101000100000000000000000000
00000000001100100000000000111000000000001010000000000000000000000000000000000000
00000000000000000000000000001110000000000010111101000000000000000000000000000000
00000000000000010100000000100010001000000000011011111001100000000000000000000000
00000000001010101000000000000101011000000000000001001111000010011000100000000000
00000000000000001111000000000001101011100110011001111101011110101000000000001010
00000000000000011101000000000000011011110000011101000000000000000000000000010000
00000000000000010111000000000000000100110001011010000000000000000011110000001010
00000110110000011110000000000000000000000011111011000001001100000000101001100000
00000111000000000000000001101000000000001101111001000000111101111000001000100000
00111001010000000000000001101010101001000101000000010001011101010000000000000000
00000101010000011001110000000000000110100000000000010100000111100000000000000000
00000000111010001111000000000000000110100000000000000000000011100000000000000000
01110000000001111010000000011100000101111010000000000000000000000000000010100000
00111000000000011110000001101100001100000111000000000000011101110000000000001101
00000000000000010001000000111110110010110000000000000000100000111000000000001010
00000000000000000000000000000011001010110000011110000001100000000000000000001110
00000000000101101011000000000000101100000000010101000000111100000000001100111011
11110000001000000000000000000000000111000000000010000001001000000000001111000011
00011000000000000000000000011100110110000000000000000000000000000000000111100000
00000000000111100000000000111100100110010100100000000000101100000000001101100000
00000000000010011101000001101110100011100000000111000000101100000000000010001100
00000000000000000000000001001100000111000000000000000000011100000101110000000000
00000000000000010101000000011000000011000000000000110010100100000010000111000000
00000000000000011110000001000000000101110000000000011111011100000101000101100000
00000101110000000101000001001100000111101110000000000001100100000000000111100000
00000000001010011110000001111000000101111100000011000000101100000010110001000000
00000000001011110110000001011000000011101010000000000001100100000010110000000000
00000000001110100010000000001100000110100000000000000000011100000100010000001000
00000000001101110111000000011000000111011010100101000001110100000110110000000000
00000000001101000000000001111000000011010000011011000000000000000011110000000000
00000000000110101001000000000000000110100000010010000000000000000011110000000000
00000000001100111011000000000011101000000000000000000000110111000101110000000000
00000000001110101001000000000000000111010000001101110100101001110010010000000000
00000000001001100000000000000000000011110000001000011000000001111000001001000000
11011000000000011010011010000000000000001101100000000001100101101000001110000000
01111000000000011100000000000000000011101010100000011101001100100000000000000000
00000000000000011110000000000000000100110010100000000000000000000000000000000000
01001000000000000101000000011100000000100111100000000000000001001000000111100000
10111000000000000010000001010100000011010000010110000001011101111000001001010101
10110000000000010101011110000000000110010000001111011100110000000000000111100000
00000000001111011011000000000000000000000000001001011110000000000101110100111101
00000000001001001011000000000000000000000000000000000000000000000110111001000100
11010000000110111110000001010100000111010000000000000001000001111111010101111110
01111000000000000110000000011100000011000000000000000000011000000110110000000101
10101101000000000111000001010000000000000000000000000000011000000001010000001110
01110001000000000000000000000000000000010000000000000000111100000001110000001010
11110111010000001001000000000000000100110000000000000000000000000010100000000000
10111110000000011101000000011000000111010000001011000000000010110111101001111011
00000000000000011101000001011100000010100000000000000000101100000000001100100111
00000000000000000110000000000000000100010000000000101101011101101000001011110000
00000000000000010011000000000000000000000000000000000000000000110000001001100000
10100000000000011011000000000000000100110000000000000000110111101000001001100000
00000000000000000111000000100111011001001100100100000001101001010000000000011000
00000000001010110011011101101111000111000000000000000001100101110000000000001011
00000000000000000000111101000100000010010000000000000001001100000000000110010011
00000000000000010011111011110000000101010000000000000001001100000000000000000111
00000000000010100000111101110000000011110101100000000000101100000000001001100000
00000000000100001000011111101000000000010000000000000000111100000000001110000000
00000000000000010101111010110001000000000000000000000000011100000100110111100000
10110000000000001111000100000000000110100000010100000000110100000000001011101111
11001000000000011001100110000010111000000000010101000001100010000000000000010101
00000000000000000000000000000000000101110000001000000001001000001000000101100111
00000000000000010110011100000000000011100000001101000001100100111010110000001011
00010000000000000000111010000001001110010000000000000100010001111101000000011110
11010101100010010110001110001111110011110000000000000000001001010110110100010111
01111101010000000000011010111110111101110000000000100100000000000000000000001111
11100010101001001000100111000100000011000000000000110110111110110011100000001100
01100100111001100000000001001001111011010010100000000001001110000011100000011011
10011011100000010010000000001100000000000000000000001001000111011011110000000000
10101001111101100000100001101100000000000000000000000000111011100111011011000000
11000100111011110010100011011100000011110000000000111100000000000010111111011010
00000101001110000101000000011000000000000000000000000011111000000000010010110110
10010000011110000100000001010100000010100000000000000001000000000000000011000000
00000111100010000111000000011100000110001000000000000001110100000011010000000000
00000000000000010011000000011100000000011100000000000000101100101010100000000000
10000000000000011011000001100100000010011011110110000000000000000010100000000000
00000000000000000000000001001100010001110111000010000000000000000000000000000000
00000000000000111010000001001010010000000000010101000001101110000000000000011011
00000000000000001010000000000000100011101100110111000001010110110000000000001111
00000001111010010010000001000001101000001011000100000000101100000000001010000001
00000111100000000000000000101111001000001000010110000000101100110000001110100000
00000000000000000000000001110100000001001101100000000000000010000000001001011010
00000000001000000000000000000000000100110000011011000000000000000000001010111010
00000000000000001111011010000001011011100000011010000001010100000101011001111001
00000000000000011110000000000000000101110110110100000000000000001001101110010110
00000000000000011110000000000000000101111111010100000000011010100010001101100000
00000000000000000010000000000000000101110010111010000001000000000110111010111000
00001000000000000111000000000000000010110000010110000001110111010110011101100000
11011000000000001000000001111000000111101010011100000001101010011110110101000000
00000000000000011001000000100100000101111010111011000000111011110101110000000000
00000000001111000000000001011000000101100100110100000000001010101011011110100000
00000000001101100101000000000011101010010000011011000001001011110000000000000000
00000000001101100010000000000001001000000000001111000000110100000000000000011010
00000000000000001111000000000000001001110000000000000000011100000000000000000000
00000000000000010100000000010011101100010011100000000000010000000000000000000000
00111000000000011110000000000010011000000111100000000000110100000000001011101011
00000000001010110011000000100011010010001011000000000001011100000000000110100000
10000000000100100000000000000011001000000011100000000001110011110000000000000000
11100000001110001101000000000000101010010010000000000001101101101000101010110010
11110000000000100000000000000010100001000110110110000001110111001001111000101000
00000000000000001110000001111000000000001011000000000001000010110001101101001101
00000000001011110101000001101100000110010101100000001111001100000101000101110110
11011000001011000000000000000000000000000000000000000111100001110101100100000000
11100000001111000000000000000000000100100000000000110000110000000000000000000000
10110000000000000000111001001000000011000000000000101110000000000000000000000000
10111000000101000010100110000000000000000000000000000000000000000000000000000000
11011000000000011110001110000011110110010000010000100000000110101100100000000000
00000000000111101000000000000010101000000000000000010100000000000000000000000000
00000000000111111010000001100100000110010000000001110100000011001000001110000000
00000000000011100111000001110100000000000000000000011101011100101000000111100011
10111000001110011001000000110100000010110000000000110100000010100101000000000000
00000000000000000000000001011010101110100000001011000001000000000000000000000000
11100000000000000000000001011010111011010101000111000010000000000000001110100000
11100000000000001011000001001100000011000001101011000000111000000000001101100000
11101000000000001101000001101100000110100000010001000000011100000110000100000000
00000000000000010011000000000000101000000000001001000000011000000001010101000000
00000000000000000000000000111110011001010000011101000000000000000000000000000000
00010101010000011110000000011100000101110000011110000000000011100000000000000000
11010110110000011001000000000000101010110000011100000000000000100000000000011001
00000000000000000010000000000011001010100000010001000001100000000000101110001011
00000000000110000000000000000000100001010000011100000000000010101011010000110001
11100000000111010011000000000000000110110000001010000000000010100011101101011011
11001000000011100101000000000000000101110000001111000000110100000011010000001000
10111000100000011100110100000000000000000000001100001000000011000000000000000000
11011000000000010101010110000000000000000000000100001010000010000000000000001010
00000000000001100000110100000001001011110000010001110110011000111000001110101000
00000100110000000000000000000000110000001011000010000000011000000111010000001110
00000000110000000000000000000000001000001100101110000001000000000000000000000000
00000101101010101000000000100101110000011100000000000001000000000000000000000000
00000011011100010011000001110000000101101101000000001110000011101000000000000000
01010100101101100000000001101000000101110000000000010000001100000000000000000000
00111011100110010001001110000001100111000000000000001001000100000000000000000000
11110000000001011010000000000000001010110000000000111101110000000000000110000000
11001000000000010010000000000010000000000000000000001010101100000000001010000000
11100000000110100000000000000000000011010000000000000000000000000000000000000000
00000000001111001010000000100000000110100000000000010000011110110000000100010000
01111000000001001001000000111000000111000000000000000000010000000000001100010110
00000000001001000000000001011000000000000000000000000000101100000000000000010100
00000000001011100010000000000000000011000000000000000001010101110000110000000000
00000000000000001001000001001000000000000000000000100010000011101100110000000000
00000000000000001101000000000000000000000000000000110110000000000101001011101010
00000000000010001101110110000000000110100000000000000000000000000000000110111110
10010000000111110111110110000000000000000000000000011000000000000000000000000000
01111000001100111010110010000000000000000000000000001110000000000000000100100000
01001000001101000111000001111000000110110000000000001101100000000000000110000000
10000000000000010000000001010000000000001000000000011000101000000000000000000000
00000000001000101101000001101000000110101010000000101011111000000000100000000000
01000000000000011001000001101000100110100000000000000010000001010010000000000000
11100000101000110101000000100111110000000000000000110010000000000000000000000101
00000001111001000000000001000110100000000000011101000000000001011000000000000111
00000000001011000000110101110000000000000000000000000001101111011000000000010001
11110000000000001111000000111000000001110000000000000000110000001000000100000000
11110000000000001001011100011100000011110000000000000001000100000000000000000000
11011000000000011011010010000000000000000000001110000001101100000000000000000000
01000000000000011001000001000000000000000000000000101100110000000000000000000000
00000000001010010001000000000000000000000000000000000001111001111000000000000000
01011000001011011110000000000000000110010000010000000001111011100000000000000000
00000000000000010101000000000000000101000000000000000001101010111000000000000000
00000000000000010101000000010000000000010000000000000001110011001101000000000000
00000000000000000000000000101010111000001001010001000000101100001000000000000000
00000000000000001100000001001100000100010010000000000000110001101000000000000000
00000000000000011000010001000001101101111100100000000000100000000010000000000000
00000000000000011001110010000001001101100100100000000000101100000111100000000101
00000000000000000110000000000011101000000111100000000011011000000100100000011110
00000011110000011110000000001000000111000010000000000000000000000000000000000000
10011011100111100111000001101100000000001010100000000000000000000000001001110101
00000110011100011011000000000000000000000101100000000000000001001001110110110011
00000001101100001011000001011101011110101100000000000000000011101100010000011010
00000000001010100000000001100100000001111101000000000000000011001011000000001101
00000000000000000000000001110000000000110000000000000001111000000000000000000011
11100000000000000000000001110100000111000000000000000000111100100000001011100101
11001001001010100000000000001000000000000000000000000001101111100000001000110111
00000100111101000000000000100100000001000000000000111011000111100000000000001000
00000110110010100000000001100100000001100000000000000010100100111011100000000000
00000101011101000000000001100000000000000000000000000001010110011011000000000000
00000100110000000000000000000000000000000000001100101111110001111110100100000000
00000100010000010101000000000000000011010000000000101010000010100011010000000000
00000110010000000000000000000000000010110000000000000000000000100011010000000000
11001011110011100000011110000000000101110000000000000000001100000111000000000000
00000111101011100000010100110100000010010110110101011110000001011000000000000000
01110000001110010101000001101100000101011011100000111000001100000000000000000010
