00000000000000000000
00000000000000000000
00000000000000000000
00000000000000000000
00000000000000000000
00000000000000000000
00000000000000000000
00000000000000000000
00000000000000000000
00000000000000000000
00000000000000000000
00000000000000000000
00000000000000000000
00000000000000000000
00000000000000000000
00000000000000000000
11101000001110100000
11001000001100100000
10111000000000000000
10110000000000000000
00000000000000000000
00000000000000000000
00000000000000000000
00000000000000000000
00000000000000000000
00000000000000000000
00000000000110100000
00000000001001100000
00000000001101100000
00000000000000000000
00000000000000000000
00000000000000000000
00000000000000000000
00000000000000000000
00000000000111100000
00000000001001100000
00000000001110100000
00000000001010100000
00000000001110000000
00000000001011000000
00000000001101000000
00000000001000100000
00000000000000000000
00000001100000000000
00000011100000000000
00000001110000000000
00000011100000000000
00000000000000000000
00000000000000000000
00000000000000000000
00000000000000000000
00000000000000000000
00000000000000000110
01011000000000011001
11011000000000000000
01111000000000000000
10011000000000000000
00000000000000000000
00000000000000000000
00000000000000000000
00000000000000000000
00000000000000000000
00000000000000000000
00000000000000000000
00000000000000000000
00000000000000000000
00000000000000000000
00000000000000000000
00000000000000000000
00000000000000000000
00000000000000000000
00000000000000000000
00000000000000000000
00000000000000000000
00000000000000000000
00000000000000000000
00000000000000000000
00000000000000000000
00000000000000000000
00000000000000000000
00000010110000000000
00000000000000000000
00000000000011100000
00000000000001000000
00000000000000000000
00000000000000000111
00000000000000001111
00000000000000011010
00000000000000010111
11000000000000001101
00110000000000000000
00000000000000000000
00000000000000000000
00000000000110100000
00000000000000000000
00000000000000000000
00000000000000000000
00000000000000000000
00000000000000000000
00000000000000000000
00000000000000000000
00000000000000000000
00000000000000000000
00000000000000000000
00000000000000000000
00000000000000010011
11001000000000000000
01111000000000000000
01101000000101100000
01011000001110000000
10110000000101100000
11110000001010100000
01101000001110100000
00000000001110000000
00000011010110100000
00000000001011100000
00000000000000011100
00000000000000000000
00000000000000000000
00000000000000000000
00000000000000000000
00000000000000000000
00000000000000000000
00000000000000000000
00000000000000010011
00000000000000001111
00000000001110001111
00000000000101001101
00000000000000010010
01001000000000011110
00000000000000010110
00000000000000011001
00000000000000000011
00000000000000000001
00000000000000010111
00000000000000001101
00000000000000000110
00000000000000000000
00000000000000011010
00000000000000000000
00000000000000000000
00000011000000000101
00000111000000010111
00000101110000011100
00000001110000010101
10101011100000001110
00000011010000011010
00000011010000000000
00000011000000000000
00000000110000000000
00000011101110100111
00000111000111010110
00000000001100101010
00000000001010100000
00000000001001100000
00000000001111000000
00000000001100000000
00000000000000000000
00000000000000000000
00000011100000000000
00000010110000000000
00000101100000000000
00000111010000000000
00000000000000000000
01110000000000000000
01110000000000000000
00010011110000010111
00000010111011100000
00000110011110000000
00000111001100100000
00000000001000100000
00000000000000000000
00000000000000000000
00000000000000000000
00000000000000010110
00000000000000000000
00000000001010100000
00000000000110100000
00000000001111000000
00000101010000011010
00000101110100010111
00000111010000011010
00000101110000000000
00000000000000000000
00000000000000000000
00000000000000000000
00000000000000000000
00000000000000000000
00000000000000000000
00000000000000000000
00000000000000000000
00000000000000000000
00000000000000000000
00000011110000000000
00000011110000000000
00000110110000000000
00000110110000000000
00000001110000000000
00000000000000001101
00000000000000000000
00000000000000000000
00000000000000000000
00000000000000000000
00000000000000000000
00000000000000000000
00000000000000000000
00000000000000000000
10101000000000000000
00000111000000000000
00000000110000000000
00000100110000000000
00000111100000000000
00000010110000000000
00000101100000000000
00000011110000000000
00000011110000000000
00000011100000000000
00000011100000000000
00000110010000000000
00000000000000000000
00000000000000000000
00011000000000000000
00000000000000000000
00000000000000011110
00000000000000011100
00000000000000011001
00000000000000001110
00000000000000010011
00000000000000010101
00000000000000000000
00000000000000000000
00000000000000000000
00000000000000000000
00000000000000000000
00000000000000000000
00000000000000000000
00000000000000000000
00000000000000000000
00000000000000001000
00000000000000001011
00000000000000010001
00000000000000001110
00000000000000000000
00000000000000000000
00000000000101100000
00000000000000000000
11100000000000000000
11110000000000000000
11101000000000000000
01000000000000000001
