000000000000000010000000000000000000000000000000000000000000
000001111000000000000000000110000000000000000000000000011001
000001111000000110110000000111101000010000000000000000000000
000000110000000111000000011000000001011100000101111110101101
111001001100000001110000000000000001001000000100100011100000
000001001100000110110000000000000001101000010110110000000011
100110010100000100110000000000000001011100000110110000011000
100110001000000000000000001000000001000000000000000000011101
101010000000000111010000000000000000000000000000000000011001
001100000010110000100000001011001010001000000000000000010111
