00000000000000000000
00000000000000000000
00000000000000000000
00000000000000000000
00000000000000000000
00000000000000000000
00000000000000000000
00000000000000000000
00000000000000000000
00000000000000000000
00000000000000000000
00000000000000000000
00000000000000000000
00000000000000000000
00000000000000000000
00000000000000000000
11101000001110100000
11001000001100100000
10111000000000000000
10110000000000000000
00000000000000000000
00000000000000000000
00000000000000000000
00000000000000000000
00000000000000000000
00000000000000000000
00000000000110100000
00000000001001100000
00000000001101100000
00000000000000000000
00000000000000000000
00000000000000000000
00000000000000000000
00000000000000000000
00000000000111100000
00000000001001100000
00000000001110100000
00000000001010100000
00000000001110000000
00000000001011000000
00000000001101000000
00000000001000100000
00000000000000000000
00000001100000000000
00000011100000000000
00000001110000000000
00000011100000000000
00000000000000000000
00000000000000000000
00000000000000000000
00000000000000000000
00000000000000000000
00000000000000000110
01011000000000011001
11011000000000000000
01111000000000000000
10011000000000000000
00000000000000000000
00000000000000000000
00000000000000000000
00000000000000000000
00000000000000000000
00000000000000000000
00000000000000000000
00000000000000000000
00000000000000000000
00000000000000000000
00000000000000000000
00000000000000000000
00000000000000000000
00000000000000000000
00000000000000000000
00000000000000000000
00000000000000000000
00000000000000000000
00000000000000000000
00000000000000000000
00000000000000000000
00000000000000000000
00000000000000000000
00000010110000000000
00000000000000000000
00000000000011100000
00000000000001000000
00000000000000000000
00000000000000000111
00000000000000001111
00000000000000011010
00000000000000010111
11000000000000001101
00110000000000000000
00000000000000000000
00000000000000000000
00000000000110100000
00000000000000000000
00000000000000000000
00000000000000000000
00000000000000000000
00000000000000000000
00000000000000000000
