000000000000000010000000000000000000000000000000000000000000
000001111000000000000000000110000000000000000000000000011001
000001111000000110110000000111101000010000000000000000000000
000000110000000111000000011000000001011100000101111110101101
111001001100000001110000000000000001001000000100100011100000
000001001100000110110000000000000001101000010110110000000011
100110010100000100110000000000000001011100000110110000011000
100110001000000000000000001000000001000000000000000000011101
101010000000000111010000000000000000000000000000000000011001
001100000010110000100000001011001010001000000000000000010111
111100000000000001100000010100011100000000000011001001001101
000000000000000100100000011011000010000001011010100000001010
000000000000000100110010100000011000000000000000000000010101
000000000000111000000000000000000001110100000000000000000000
000011000010111010000000000111000000101100000000000000000010
101101000101010111010000001011000000110100000000000000000000
000000000000000001100000011001000001110000000000000000001100
000000000000000010110000000011000000000000000110100000010011
000000011100000111100000000000000000000000000111100000000000
000000011010111000000000000000000000000000000001100000000000
000001010001010100100000000000000000000000000000000000000001
000001110100000011010100100000000000000000000000000000001110
000001011000000011010000010010000000000000000101011011011101
000001011100000100000000000111101111000010001101000000010101
110010111111000000000000000111001001100111100101010000010110
111010111100000000000000000111000000000100101011010101010101
001110011100000000000000011100000000000001011000000000001101
110010000000000111100000000000000001011111100000000000011001
100100000000000010010000000000000000000011110000000000000000
011111101100000000001100011011001000000010110000000000000000
000001110000001011100000011001000000000001100100000000010000
000000101101101000000000001000000001011101110000000000001010
000000101101110110010000000111000001110010110000000000000000
000000000000000000100000010111000000000001100000000000000011
000000000001100101100000000000000000000100000000000000001111
000000000000011111100000011001000000011100000101000000000000
000000000000001001110010100000000000000010111000000000000000
000000000000110000000111010011000000110101010000000000010010
000000000010011011101101000111000001001101000000000000010001
000000000000011000011011010110001100011000110000000000010111
000001110010111101110000000111000000000110111000000000000000
000000010110110100110111100000000000000011010000000000000000
000000100000000101100101100000000000000000000000001100100000
000001001100000011000011100000000000111000001000000101100010
000000000000000010000001101101000000100111101000001101011011
000000000000000100010111111101011011001100110000000000001111
000000000011101000001111011100110000111000000000000000010110
000000000011010000000111011110000000011100000000000000011101
000000000011100000001011000110000001101000000000000000010111
100010000001011000000111100000000000100000000000000000010001
111000000001001001010011110000000000000000000000000000010001
010000000000101100100001101100000000000000000000000001010000
010000000001111111000110001111000000011000000000000000001001
000001110100000001111100100111001100101110010010110000001100
000001101100000100110111101001001000010111000010000000001100
000000111100000000001110000010011010001010110000000111000000
010111101100000110111111010001101110000100011000000000010010
100100000000000100010000000000000111011110111000000111010001
000000000000000101100000000000000001011001011000000000000101
011000000000000001000000011001000000000001010000000000001111
110100000000000000000000010111101100000011011000010000011000
110110000000000001110000010101000000000010101000000000010000
101100000000000110100000011110000001100101101000000000010110
110010000000000010010000011110000001101100000000000110100000
000000000000000000000000010100000001100100000000000000000000
000001001011110000000000000000111100001100000011001100100001
000000000001011000000000000000011100011100000000001101000000
000001100100000000000000000000101010010100000000000000000000
101110110100011000000000000000011101011100000000000000010110
000000011101000000000010000000000101001000000010110000011001
000000000000000011010000000000000110010000000111000000000000
000000000000000101010000000000000000110100000011010000000000
000000101100000011100000001101000000100100101101000000000000
111100101100000111100000001100000001100010111000000000010001
000001010100000100110000001110000000111010111000000000000000
000000001000000111000000000000000001011100000000000000000011
000001110100000010110000000111000000000000000000000000011100
000000111000000010000000001101000000000100000000000000010111
000001001101010000000000011011000000001000000000000000000011
000000101100000101100000000000000000000100000000000000011101
101101111000000010110000010010000000111100000000000000000111
000101101000001001011110001011000001000100000000000000000000
110011101011110010000101100000000000000000000000000000000000
000000000011011000110011100000000000000000000000000000000000
001010000000000000001011000000000000000000000000000000000000
100100000000000000001011000000000000110100000000000000011101
110110000000000111000000010010011011001000000000000000010100
010110000011001100110000011110011011001100000000000100010011
000000000000000011010000000111110101010100000000000000011010
000000000000000000000000000000101101011000000000001000010101
100010000000000111100000010000000000000000000000001011100101
000110000001000100101100111010000001000000000000001101000000
110010000010001001010110100111000001111000000000000010110001
110010000001011000001001101001000001101010100000000000010001
111000000000000000000000000111000001011101111000000000010000
000000000000000000000000000111000000001101111000000111100110
000000000000000100110000001011000000000001011000000000001101
101010000000000100110000010111000000000001111000000000000000
101110000000000000000000001001000000100111001000111000100000
100100000000000000001001001101000001101001110110001101100100
000001110100000111100000010010000001011111101110111110010110
111010101111110111100000010011000001011100000000000000010011
011101011011101000000000000111000001100000000000000000011010
001001011010101000000000011101000000000010111000000000011000
000101011010101100110000000110000000000000000000000000010011
011110000001111010110000011001001101001100000000000000010110
110110000000111101010000000000101000000000000000000000000010
100100000001011111000000001111100010000000000000000000010110
000000000001110100010000000000011001000100000000000000000001
110010000000000000000000000000101111101100000000000000010101
101010000000000001111111000000101101011100010000000000000000
111010000000000100111111001111010110111100000000000000010000
111000000000000101000110011100010111011001011000000000010110
101100000000000000001011010011000011100100111000000000010011
000000000000000000000110111011000100001111001000000101001010
000000000000000010001101001101000100111111110000000000001110
001000000000000000001001011100000000111110111000000000000000
110110000000000110011101100000000001100000000110000000011001
000010000000000111010001100000000000111000000000000000010000
001110010000000000000110100000000001011100000000010000000000
111100000011010100011111001010000001101100000000000110000000
110100000001001001010101101101000001101100001000000000000000
000000000010010011111011000000000000101101111000000000010111
000000000011100000000000011100000001001001111000000000011010
000000000010111000000000001111000001100000101000000111000000
000000000001111000000101000000000001100000000000001000100100
100010000010110000000000001011000000000000000000000101011110
000000000000111000000000011001000001101100000000000110111010
001100000000000000000000000000000000011000000000001001000000
000100000000000111100000000000000001101000000000000000000000
000000000000000000000000000000000001110100000000000000000000
000000000000000001110000000000000001100100000000000000001011
000000000000000001100000000000000001011100000000000001001010
000000000000000000000000000000000000010000000000001011011010
111000000000000000000000001111000000000000000010011110010001
101001010100000000000000000111000001110110101000000110011011
101010010100000000000000000000000000110100000000001011000000
111000110101110000001100000000011000000000000000000110010110
000010001100000111100000000000000001110100000000001101001100
100010010000000000000000000000000000101111011000000000011011
100110000000000000000000000000000000111100000000000000000000
000000000000000000000000000000011000000000000000000000011010
000000000000000111000000000000000001100000000000000000001011
000010000000000000000000010001000000100100000010101110000111
011000000001111000000000001101000000000000000010110110000000
000000000001111111000011101101000000000011100110111010100000
000000000011001110101100011011000000000000000110010110100100
001110000010101000000000011110000000000010010001011100000101
100110000000110000000000000000000000011100011000001101100110
101010000011101000000000000000101010111010001000111011111010
111100101010111000000000000000000000000010111010010000011100
000001010110001110010000000000110100000011011101110000000000
100111011101111001110000000010110111110000000111000000000000
110111000111100111000000010101100100111000000000000000001101
000001111010110011110000001111011011110100000000000000011011
000001101001100011100000010001010111110000000000001000011110
000010111011110111010000000000010010111100000101101111000101
110111010110111111010000000000100001011100000011110010011101
010011101011110111000000000000011000000100000001110000001011
100010011111100000000000010110110011110000000110110000011110
000000011000000000000100000101000001011100000000000101100000
000000000000000101111011110001000000001000000000000111010111
000000000000000101010011011110101101110100000011110000011010
000000000000000111011011111010000000000000000111100000001111
000000000000000000001110000010000000000100000011100000001011
111000000000000101011101001011001001011100000000000000010111
000001100100000000100001000000101011101100000000000000011010
000000100100000110100000000000010001001000000100110000000000
000001010000000000000000000111000000100100000011110111101111
000001110100000000000000000000000000000001110000000111000000
110111101100000000100000000000000000000000010000000000010110
000001010100000001100000010011000000010100001100100000001001
000001011101101001110000000000100001000111101101110000001000
000001100110110111100000011110000000111011110110010000010100
010000111010110011100000011011111010011001001000010000001001
000000010111001000000000001011111101100101000000000000011011
111001011000000000000000010011111001000100000000000000011011
101111110100000011010000010101111001010000000000000000011101
011000000000000110110000010001000000000000000000000000011101
000000000000000100100000000000000000000010100000000000000001
100110000000000000000000001111010101001100000000000000010100
111000110100000001110000001101000000000000000111000000011010
000001000100000000000000000111000000000000000111100000011001
000001011000000010100000000000000001010000000011000000011110
101010110100000110110000000000111011011100000110011100110110
000000000000000100110000000000101100101100000000001001101100
111000000000000000000000000000110000111000000000000110100000
000000000000000111100000000000001001010000000000001101111001
001100000000000001000000011101000001110000000001000000000011
000000000000000110110000000111000000000000000000000000000000
111000000000000011100000001011000000000000000000000000000000
000000000000000000000000000111000000000000000000000010100000
000000000000000100010000011010000000000000000000001011100000
101110000000000000000000011101110100000000000000000111111101
000000000000000000000000000000000000000000000000110000000000
000000000000000000000000000000101101101100000101100000000000
000100000000000101010000000000101111001000000111000000000010
000000000000000010000000000100110101000000000101100000010101
100010000000000010010000011011001010000000000010001111010001
010110000000000011100000011010100111101100000000000101101101
010100000000000010000000011110101100000000000000000000000110
110100000000000000000000000100111100000000000000000000010111
101100110100000110000000000000000000000010100000000000000000
000011010100000000000101011010000000000000000000001100100000
111000010000000010111000110100000000000000000000001101000000
000001101000000111010011110010000000110100000000000101111100
000000101101100010110000011100000001110100000000000000011011
000001110011011111100000001110000001101110100000000000011101
000000111010110011010000000100000000110100000000000000010000
000000000000110100110000010011000001101100111000000010000000
001110000000000000000000000000000000000001100000000000000000
000000000000000111100000011010000000000000000000001011011000
000000000000000101110000001011000000110100000000001100011110
100110000000000000000000010010000000000000000000000000011010
110100000000000000000000000000000000000000000000000000001000
001000000000000000001101011010000001110000000000000000011111
110110000010110010110000000111000000000000000000001111001111
100000000000000000000000010100000001010000000000000110101000
000000000000000100100000000000000001110000000000000111100000
000000000000001010110000010111000001101000000000000011100111
000000000000000000001101110000000000100100001000000000100011
101110000000000000001110111100000000010000000000001011000001
010110000000000010010101101011101000000000000001111001101111
011000000000000100100000010110011000000000000000001110101000
110100000000000111100000010110011110101001000000000101100000
000110000000000011100000000000101100000001011011010101000000
101110000000000100110000011110111101010000000001001011011001
110000000000000101100000000011000001100100000110100110000000
000110000000000001100000000000000001011100000000000000000000
101110000000000011010000000000000001100000000000001000000000
110100000010011111100000000000010111000100000000000000000000
000011010000101110000000000000010110000000000000000000000000
110011000100000000110000000000101010000000000000000000010111
000000110000000100110000000000101010000010101111000000010010
010010000011001011100000000000011110101010101000000000001101
010100000000000111000000000000000000101100000000000000001110
000100000000000110110000010110000000111000000000000000001111
010110000000000110000000011101000001101000000000000000010101
000000000000000000000000000111000001011100000100001110100000
110010000011101000000000001000000000000000000000000110000000
000001011010110110010000010101000000011100000000001111000000
000001010101111100100000000000000000000001100000001111000111
001010101101100101010000010101000000000010101000001001111010
000001100110101010100000011001100000000001110000000000001101
000000000000000011010000011011111000010000000000000000000000
010110000000000111100000011100110100101100111000001110000011
011110000000000111100000001000110111101100000000000000010011
111000000000000111100000011110001110111000000000000000001111
111100000000000111010000010000101100000000000000000000000010
011000000000000010110000001100110101110000000000000000010000
110100000000000001100000000000000000000001000010110000001101
101010000001100111100000001000000000000000000111010000010000
001110000011101011010000000000000000110100000011100000010101
001000101011001101100000000000000001000111011000000000001011
111000000000110100100100100111000000001101110000010000000010
101000000000000100110000000000000000011100000001100000011010
000000000000000011010000000000110001011000000001110000001011
000000000000000100100000000000100110001000000101000000011110
000000000000000110100000001011010111010111100110010000011100
000000000000000010000000000111101111011110111000000000011110
100110000000000101000111010101111100000000111000000111111010
100100000011101000001011111010110110100110100000000000001111
010010000000000010111110010101000110111101011000000000001101
000000000000000110010001000100110001100000111000000000001111
101111111011001001111101111001011100101101111011000000010101
101110010101011111001011000000000001011111001101100000010011
101100000011110111100000000000101010000100000010100000011000
000000000001101111100000010101001001101000000000000000000000
000000000000000100000000010001000000000000000000000100110100
000000000000000011110000011001000000111000000000001000110110
000001011100000010000000010101000000000000000000001000000000
000000111100000101010000011010000001010011010000000111100000
000000001000000111010000010011000000101000000000000000010011
000000100100000011010000000000000001011100000000000000011110
000000000000000110010000000000000001011100000000000000011100
000000101100000000000000000000000000101100000000000111111010
000010101100000011100000000000000000000000000000000111101110
000000000000000111100111100000000000100100000000000101100001
000000000000000001100111100000000000111011010000001100101101
011110000000000111011000100000000000000001111000001011011010
010000000000000111001001011110010100111011001000001000000000
100110000000000110111011011011010011011011010000001100011001
000000000011101001010011111100001000000000000000000000001010
011110000010010000000010011001000000000000000000000000011011
000000000001110000000000000000000000101000000000000000010111
100001010000000001000000000010000000000100000000000000001010
000001110100000110010000001110000001101000000000001100111001
000000000000000000000000000000000000000011001000001011111101
000000000001010111010000000000000001110011110000001000100000
011110000001110010000000010101000001100010100000000000010011
010110010000000100110000000000000000101110011000000000000110
111000000000000111100000000000000000000100000000000000011010
000000000000000111100000001001101110000000000000000000000000
000000100000000101101011001010000010000000000000000000000000
000000000000000100010001101010101010000001111000000000001001
110110000000001011011110101101000001011110010000000000010100
101110100010001101011101000000000001001000000000000000011010
001111000000011110010111100000000000101100000000000000001100
010110101011001011111011010000000000001100000000000000000100
000000111100000000000101111101000001011100111000001100100000
000000111001010000000001110000000000101000111000000000101011
011111011110101000000000000000000001010110010110000000011100
000010101000000001000000000000000001011101111101110000011101
111101101100000100110000010011000000000001111000000111110101
100110000000000100100000010110000001110000000000000111111100
101010000000000001100000001010000001011000000000001101011001
100110000010010000000000011101000001110100000000001100000001
101010000010110000100000001101000011110100000000000011110101
000000000001100011110000010010000000000000000000000000011011
000000000000111001000000011011101010000001110000000000001110
000000000000000111100000001001000000000000101000000000011010
000000000000000101010000011110000000000011110000000000011010
000000000000000000000000011100000000000000000000000000010101
010010000000000111010000011010100010110111001000000000011101
110010000000000100001011101100000000000111001011100000010101
011100000000000011001101111110000000000011011000000000010110
000000000000000111100110101000101011011100000000000000000011
000000000000000000010000010000000000011000000000000000001101
000000000000001110100000010110000001010100000000000000010001
000000000001000111100000010011000000000000011010100000000000
000000000010010011010000010101000000000000000101100000000000
000000000000100111000000000000000000100100000101110000000000
100100000011101001000000000000010100000001111000000000000000
000000000000000100000000000000001111110000000000000000000000
000000000000000000100000000000000000001000000101100000000001
110000000000000111100110110010000001111010010101110000010111
100110000000000000100000011110011111110010110101100000001101
100010000010101111100111110111110100110100000100100000000000
001010000010101111011011000000110101010000000111010000000000
000000000011100011110000000000111000000000000110011100100000
111000111100000011110000000000111000000000000000000111001111
000001111000000010110000000000011110000000000000000110110111
001110000000000110100000000000110111100000000000111101001011
000001011110111001010110001011101010111000000000001011011101
000000111001110011110001000000000101000000000010011101011101
110100000011100010110011000000000001010100000111010110101000
111010000010101001111011001100000000000000000111001111001011
001010000011011000000010100000000000001000000111101111001111
011010000000000100110000001000000000000000000000000000000000
110010010000000000000000000000000000000000000000001010001110
110001101001011011110000001010000000000000000000001111000101
000000000100000101010000000000000001100100000000000000000000
000001011100101101000000000000000000000000000000000000001011
000000111110100111000000000000000001101100000000000000010100
000000000000000000000000000000000000000000000000000000001011
001110000000000110010000001001000000100100000000000000011100
111000000000000100110000010100000000011100000000000000010010
101010000000000000000000001101000001001100000000000000000000
000000000000000100100000010011000000110000000000000000011101
000000000000000010100000000000000000010100000000000000011101
011010000000000011100000000000011011101110110100100000011000
111000000000000100010000000000000001101100000000000000010110
001110000001011010000000000000011111100000000000010000011101
011100000000000011100010100000110000110100000110100000001010
100110000000000110111000000000101110000011100100111101100000
000000000000000111100010100000011110000011010111001011100000
101100000000000111000001000000000000000011101111000000000000
111010000000111010111101000000000000101100000000000000000000
111000000010110010111010111101000000101000110010000000000000
000000000001111111100110101100000001101000111000000000000001
000000000000000011100100111001000000000110110011000000000000
001000000010000000001110000000000001011110101111010000000000
100010000000000001010000000000000001100001011000110000000001
101100000000000111100000000000000000000001111110000000001001
001100000001010001110000010111000000000000000000000110110010
000000000011110110100000001101000000000001110000001100100010
000000000010111011000000001011000001001101011110110010000011
000000000011000000000000000000000001011100000101010000000000
110101100100000010000000001101000001000100000000000000001100
010101101100000000000000000000000000110100000000000011111100
010110000000000010010000000000000001011100000000001011001011
100110000000000011100000000100000001110000000000000001100000
101010000001101101010000011100000001001000000000000000011101
001110000110110111010000000000000000101100000000000000010111
110101101000000110010000001000100101110100000000000000010110
110001110000101000000000001000001110000000010011110000000011
000000000000000100100000000111000000000000000110010000000100
000000000000000100000000011110011110000000000101110000010110
000000000000000111010000010111110011011100000000000000011010
000000000000000001100000011101000000001100000000001011101011
000000000000000000000000001101000000000100011000001101011010
111000000000000000000000011101000001011101100000000010110101
001110000000000000000000000001010011101011010101000000000000
000000000000000000000000001111011010000101110110010000000000
000000000000000011100000001011100100001010101110100000010111
111010000000000000001000000111000100000010101001010000011010
011110000000000000000000000000000000000000000001010000000101
011010000000000000000000000000000000000010001111000000000100
100101111000000000000000010010000000000011011101100000000001
110110000000011000000000000000110110101011110000111011110001
100111101000000000000000010000111100101000100000000101100000
100010111101000000000000000000000000000011000000000000010101
100000000100000010000000000000000000001001011111000000011010
011110000000000100100000000000000000000100000000000000010000
000100000000000000000000000000000001100000000000001100010110
000000000000000111101110010001000000011000000000000111000000
000000000010111010011101101001110100001000000000000010100000
000000000001001100110101111100110100111100000000001001100000
000000011110011111101110100000000001000100000000000000000100
110101110111101111001011111011000001101000000000000000011101
000001110101110000001110110010000001011110100111010011100000
000000000010000111000111001110000001010110110011000000000100
000000000010110001111010100000000001100111010000000000000011
000000000000110111011111000000000001010100000010010000010110
101100000001001010101001001111000000001100000001010000000110
111010000001001100111101100000000001001000000000000000011101
110010000000000110101100100000000001001100011000000000000000
110100011000010000000000011011000000000101110000000000000000
101111011011110100110000000100000000000011110000000011100100
111000011011100101110000000000110110000000000011111110011001
001010000000110110010000010000111010000000000000000100110101
110110000010110000100000011101110010000000000000001100111001
000000000000000110011111011110000000000000101000000111001011
100110000010111100001101010100011010000001011000000011000000
101100000000101011010101101011110011110010110000000111001001
111100000000010101011001100010000001101010011000001001100110
000000000000000101011110011110000001101100000000000101100000
000000000000000000101101101101000000110100000000000111000000
000000000000000111100100101101000000101100000000000001011001
000000000000000001111001111110000001110100000000001001110101
000000000001011111101100111101000000000100000000000001100000
000000000001111000001001111101001110000100000000000111101110
000001110011110111100000000101110100101100000000001110110100
011110100011100101010000000000011101001100000000001111001111
110110111101011011110000010010110001000001100000000000000110
101010011100011111100000010011101010110001111010100000010111
010100110111011000000011100111000000011110110000001111000000
000000000010001011101010110101000000000000000000001100100111
000000000000000001100000011100000001011100000001001100011100
000000000011010011010000010001000001011100000000000000010010
000001001110010100000110110000000000011100000000001100111000
110110000000000111101100100000000101001100000000001100111011
001100000000000101011011111100000000011001110000010010000110
001110000000000100110011011100000000101110011000000000001010
111000000001101010100110001101000001111010100000000000001101
110110000011100110010101000000011110000000110011010000000000
010110000001111111100000000000101110000000000001110011001001
110110000000000110110000000000000001001100101111010101100000
001110000000000011100000001001000001110111001000001011000000
110010000000000000000000000111000000101000000000000001000000
110010000000000111100000011010111000011100000000000000001101
000000000000100001000000000000000001100100000000000000001011
110100000011100010000000000000000001101100000000000000011110
000000000000010111000000001001000000101000000000000111100000
100010000011011011000000001011000000110000000000110000000000
000000000001011100011000000000000001110000000101011010000000
000000000010110001111110111101000000000000000010010100100011
000000000010010001111101001001000000000001011110110001100000
000000000000000001011101010010000000000000000110011000110101
001100000000000010000001101000110101100000000111101110111001
110101010100000000000000000000010111110100000100001001110001
000000000000000000000000100000101101111000000000000000000101
100100000000000110011001000000001110110100000000001100110011
110010000000000000001101000000110011011100000000000000001011
010110000000000000001011011100111010000100000000000000000110
011000000000000111010000011000000000000000000000000000000110
000000000000000000000000011011000001011100000010010000001101
000000000000000111010000000000000000011000111000001100110001
101110000000000011110000000111000000000011001000000101110110
101100000000000111010000011010000000111011110010110000000100
010001011100000000000000000000000000110100111000000000000011
111000010100000111100000000000000001101011100110011011000000
101001101100000100010000000000000001100011011011011110100000
111000000000000000000000010011000001101000000010011010100000
010010000000000001110000000100000000011101000000001100101011
110101100100000111100000000001000000110000000000000011001010
111001110100101000000000000000000001000000000000001011000000
100111010100000001000100000000000000111000000101000000000000
101100111000000000000000100111000001110001111111010010000000
011110000000000000000111000000000001010100000000000011100100
100010000000000000001110011011110010101000000101110111010011
110110000000000000000111100000110111011100000101111110010110
010100000001011100011010101011011000111000000011011001111000
110110000011010111101101101011010010000000000110100010100110
011110000010010111101101101111001011010100000011100111101101
101110000000000001110000011100110011100100000000000101111010
110000000000000111100000000111000001101000000000000111110111
000000000000000010000000000000000001010000000000000000001011
000000110100000000000000000000000001011000000000010000000000
000000000000000100000000000000000000000000000000000000001010
000000000000000000000000000000000001000000000000000000011101
101110000000000011000000000000000001001001100000000000010110
110010000000000011110000000000000000000000000110000000010011
000000000000000000100000000000000000000011101011100000001101
110100000000000011010000010101000000000001110000010000000111
000000000000000000100000010101010110110101111111100000000111
000000000000000101000000011110000001011100101110111000010100
111010000000000111100101100000000000000000111101010000010101
001110000000000111001111010010000000000100000101100000001011
000000000000000100110000011011000000101000000000001100001100
000000000000000110110000010001000000001000000111100111000000
001110000000000111001000000000000000001100000110101101000000
101010000000000000001111000010000000100000000011111100111010
010110000000000001011110000011010011001000000010110000010100
100100000000000101000000000000101011101000000000000000001111
000100000010111100110000000111010010111100000000000000001101
000000000000000111100000000000101111011100000000000000000010
000001100100000100110000000000011010000000000011000000011110
000000111000000000100000000000001000000000010110100000100000
000001010100000101000000000000111000000001111010000111110000
000001101100000000000000000000110100000011101000000000010111
010111101000000000000000011101000100000000011000000000010110
100010001100000001001100100000000001000100000000000000001101
111100000000000000001000011100000001100000000000000000000000
001000000000000000001010111010000001101101000110100000010101
000000000000000011011011000011000000101001111000000000011000
000000000000000100110101101110111100000010110100110000011010
000000000000000111101011010010010000000000000010101100111011
000000000000000100100110111100110100000000000111001101001011
000000000000000001000101100000000010011000000111100000011110
000000000000000001110110000000100011011000000111010000010010
111000000000000100110110100000010111010100000101011101011011
101110000000000011110110100000111000000000000100100110111001
000000000000000000001110000000101010000000100101101111001110
000000000000000111010000010100000000000000000011111101000000
000000000000000111010000011011000001011100000010000000000000
111000000000000111000000000111011010100100000000000000011011
110100000000000000000000000000110110000000000000000000000000
110110000000000111100000000010100111101100000000000000000000
000000000000000011110000010000010011110000000000000000000011
000001011000000100110000010011001010110100000000000000000101
000000000000000000000000000000001110000000000000000000001110
000000000000000000000000000000110011000000000000000000000000
111100000111110111100000000000000000110000101000000000001101
000001011110001000000000000000000001000110100000000000011011
011111110110010001000000000000000000101000000000000000011010
101101101000000100000000000000110101101100000000000000001011
000000000000000000000000011110000000000000000000000000001101
000000000000000000000010010101001110000000000101011001010110
000000000000000101010000011110000000000000000000000101110101
000000000010001010001100110000000000000001011001110000010111
000000111110101000000000011101000000000111001000000001100001
000001011100110000000000010101000000000010101000001100101011
000000010011100110100101111110000000010100000000001011010111
000000110100000111101001110011000000000000000000000000011010
111011110000000010110000011110000000001100000000000000000001
000001010100000000000000011100000000110000000101011011100001
000000000100000000000000001011000001011100000101100101100000
000001101100000000100000000000000001010111100000000000000000
000000100000000111000000000000000001110000110010000000001101
100010000000000000010000000000000001001111000000000000001101
110110000000000101110000000000000000000000000000000000011010
000000000000000100010000000000000101011100000000000000010001
111000000000000001101011011110000001110000000000000000000000
100110000010101010011111001011000000011100000000000000001011
000110000011110111001101011011000001100100000000000010100011
011110000011011010110110111100111100111100000000000101010000
011110000000000001011100111110010110010000001000000000000000
111010000011010000001110000011010110000000000000000000000000
111000000000000110010001111011010110000000000101100000010111
010110000000000101111111010010110100000000000011110000000000
101110000000000010000000011110110100000000000101010000000000
000000000000000010000000001001111001110000000000000000000000
011110000000000000000000000111111110100100000000000000000000
011000000000000000000000000000000001011000000000000000001111
000000000000000100100000011100000000000000000101110000010010
000000000000000001010000000111000001110100000111010000001100
000000000000000000000000000000110111010100000111010000010001
000000000000000000000000001010000000011100000100010001100000
110110000000000000000000001000001110000000000000000010001111
110110000000100001110000000000000001110000000000000000001100
111100000010000110110000001000110110111100000000000000000000
111000000000000101011110000000100110111001101000000000100000
000000000000000000000000000000110110111111101000001110000000
011110000000000000000000000000000000000010111000001001101010
001000000000000000000110100000000000000000100000000110010011
100110101100000101110101110011101100010000000110000000010010
000000101100000111101010000110000000000010110000000000010110
000000011100000000000110111010000001100001111000000000000100
000010111000000010100011101110000000000011110001110000011010
101001011000000000000000001010000000000000101101110000000000
000001010100000000000000000000000001010000101010100000000110
000000010100000010110000011110000001111010011000011000100101
000001111000000010100000001101101011101000101011001001111010
001011010011001111100000001000111011011010101101010000000000
010110111000000110000000001101111100111110110100100000010000
111001110001110110100000001101011011110100000000000000000000
100010000000011100110000000000111011101000000000000000001010
011110000000000000000011101010010010011000000000000000000110
100110000000000000101110111110000001011100000000000000001000
000000000000000010011110011011110011011000000000000000010000
000000000000000110010111010011111010011100000000000000001011
000000000000000100011110001011000001110011011111010000001010
000000000000000010001001000111000000101101100000000110100000
000000000000000101000000001000000000001011110000000000000000
000000000000000011010000011100000000000010110000000000000000
000000000000000100110000001000000001110001101100000000001100
111010011100000101010000000110010001001000000000000110110101
101011010100000000000000000000000000001000000110100000000000
000001011100000000000000000000000001001100101000000000011001
000000000000000000000000000000000000101001101011100000010111
000000000000000000001100100000000000111100000101000000001001
100100000010001110111111000000101010000101110111001010100110
001110000000000100110001001011110100000000000011000000010111
110110000000000001100101111101011100000000000100110000000000
000101110000111000000000001101100000000000000100111110111110
101001101110111101010000001011111000000000000000001100111100
000001100100001101100000000000000000000000000000001011100101
000000101100000000000000001010000001000100000010010000000000
101010000000000000000000001011000001011100000010110000000000
000000000000000010010000001001000001100000000000001000000000
000000000000000101000000000000000001011100000000000110101110
000000000000000110000000000111000000110100000000000111100111
000000000000000101000000001110000001010000000000000000000000
000000000000000000000000001101000001101100000000000000000011
000000000000000111100000010011000000101000000000110000001111
111100000010111001110000000000000000110100000101100000001000
111010000000000000000000011010000000101100000000000000010000
000000000000000100110000000000000000000000000000000000001101
000001010000000000000000001101000000000000000000000000000110
000000000000000000110000000000000000110100000000000000001011
000000000000000011110000000000000001001111100000001110100000
000000000011011000000000000110000000000001100000000000010111
000000000010100000000000001100000000000010011010110000010011
000000000000011111010000010111000000011110110110010000010001
000000000000110001110000011010000000111000000001100000000011
000000010010110010110000000000000000000000000010100010101101
000001101011010000000000000000000000000100000101100110111100
000000000011110000000000011100011110110000000011111101011010
000000000010001000000000000100010011110001101111100000011101
000100000001011000000000001101110011100100000000000000000000
111000000000100000000000010010001100011100000000000000011010
101010000000000000000000000000000000110100000010000000000110
011110000000000001110000011100000001000000000001110000000000
000000000000000001110000000000000111110000000101010000011010
010110000000000011100000000000110000011000000110010000001100
101100000000000111100000011101000000011100101000000000010101
000001110100000110100000000000000001010000111000000000001110
000000100000000010010000011000000001100000101000000000010101
010110110100000111000000001101000000000010101111000000000010
010111101000100011110000000000000000000000000111000000001110
000000010011001111010000011110000000111100000111000000011101
001000000010111110010000001111000000100110110000000000000000
000000000000001001000000000000000000110100000000000000010000
000100000001111100000000000000000000101100000000000000011101
110110000001101000000000000000000000000000000000000000001000
001000000001011011000000000000000000000000000000000110011110
101100000011000011010000001110000000000001101000000000000000
010000000000000010011101101111000000000000000000000100000000
000000000000000011100000000111110010000000000000001011000000
010110000000000000000101100000010110000000000000001001100000
010110000000000011100000000000011101011100101000000110100000
001110000000000001100000000010111100000000000000000011110111
111000000000000111100000000000011110000110101000001011001011
010110000000000111100000000000101100000001011000000000000111
000000000000000110000000001110000001001111110000000000000000
110010000000000011110000011001000000001110100000000000010000
000000000000000110100000000000000000111001001000000000000011
001100000000000110110000010001000001110100000000000000000000
000001101000000110110000001001000001010100000000000110101010
000001001000000011100000011011000001110000000000000000010100
000000111100000010011011111100000001001000000000000000011110
000000011100000111010111000000000001101000000000000000000000
101111101000000110011101010001111100011100000000000000010101
111010000000000100000101111001001110000000000000000000011000
110101011100000000000000011110000000000000000000000000000111
101111110100000001000000011001000001110100000000000000010111
111001011000000010010000001100011100010111000000000000011110
000000000000000111100000000000111010000010111011000000000000
100010000000000000000000011100001000000000000000000000010000
101110000000000010100000000000111100000010011111100000000000
010110000010101010100000001011011111001111011011000000001100
111000000010001000000000010010111010000000000101010000011001
000000000001101110010000000111111010000000000011010000011001
000010000011100000000100000101100111011100000100100000011011
000000000010101000001011110101011101011100000101100000001101
000000000001111111100000001111000110000000000011110000000000
010100000000000101010000010111000000000100000111000000000000
111010000011011100100000011101000000100100000010011000100000
100010000010001010100000010001101110000000000101010000000000
000000000000000111100000000000111010000000000111101110000000
000000000000000111100000000000000000000000000110110011111000
000000000000000011110000001010111000011000000100010001011011
000000100000000011100000001111000000010000000000000000001110
000000011000000111010000011101000001101100000000000000000000
000000011100000000000000011010000000011000000000000000011100
000000000001111000000000011011000000100100000000000000000000
000001000000110010110000001001000000000100000000000000000000
111000000011000110010000000110000001011110111000000000000000
000000000000000100000000000000000000001111110000000000001101
000000000000000111000000000111000000111000000000000011010101
000000000000000001000000010011000000000100000000001101010000
000000000000000100010000010100000000110100000000000101000011
100100000000000000000101111010000000000000000000000001011100
010101101100000000000000001111110101011100000000000011100011
011110000000101000000000001100000001110100000000000000100110
001100000000000100100000001110000001011100000000000000001101
011110000000000110100000011011000000110000000000000000011110
010100000000000111100000000000000001011100000000000000011110
001010000000000010110000011001000000000000000000000000010000
000000000000000000000000010001000001101000000000000000001011
010100100000000010110000010000000000111011011000001011000000
011011010100000101010000000000000000000011101000000000011011
000001101000000001010000001011000000000010010000000000011001
000000111000000101010000000000000000111001001000000000010101
101100111000000010000000000100000001101100000000000000010010
101011011000000001110000000101010110111000000000000000001111
111000000000000100100000010101101110101000000000000000011101
101010000000000010000000011000000000011000000000000000000100
001110000000000111100000010010000001011101101000001010100000
101010000000000000000000000000011010011111010000000110111101
000000000011011011100000000011000000101011011000000111111011
000010000000000010000000000000010111110100000100000001011010
101010110100000101011011010111101010100100000110010000000000
110100000000000110101011101101111100000000000011110000000000
000000000011011011101000011011100000000000000000000000000000
000000000000000101010000101100100010111000000000001110000100
000000000000000011110000000000110111001100000000111110110000
000000000000000100100000001101000000011100000000000000000011
000000000000101101010000000111000001010100000000000000010101
000000000000101000000000000100000000011001000000000000010111
011000000000000011110000010110000001011010011000000000000000
001110000000000001110000001011000000010000000000000000001100
000000000010001111100000011001000001111000000011101011100001
001110000010010100110000010010100001000100000101100010000100
000000000001000000000000010111000101011100000111001000100000
110100000000000111100000001101011111011100000011000100000011
000000000000000111100000010011000001011110100000001110100111
010100000000000010110000000000000001101000111000100110111011
000010000011011000001010000000000001110100000011100111111001
011110101100000000001011101100000001001111000111000000001011
010011110100000000000100011110000001100000111000000000011011
000000000000000001110011100000011000011100000000000101010011
110110000000000110100000000000000000110100000000001110111101
000000000000000111000000000000000000111100000000000000000000
000000000000000000100000000000000001100000000000000000001111
010110000000000000100000000000100111101000000000000000010111
000000000000000000000000000000101101001100000000000000010101
000000000000000000000000000000010100010100000111101101011010
101110000000110000000000000000100110000000000000001100100000
010110000000000110100000000000000000000000000000000111100000
100110000000000100110000001101000000000000000000000000000000
010010000000000010110000001010000000000000000000000000011110
010110101000000011010000000111000000101100000000000000000000
000001010000000000000000000000000000000011110000000000000111
000000000000000000000000000000000000000010100000000000011110
000001110100000000000000000000000001110101110000000000111101
000000000000000001110000000000000000000011001000000010111101
010110000001100101000000000000000001011110011000000000000110
000000000000000010000000011011000000010111110000000000011010
000000000000000100010000000000000001101100000000000000011101
000000000010111000000000000000000000000001011111000000000000
000000000011010001000000000000000000000001101101011111000000
000000000010111110100000000000011010000011001011001101011101
000000000001111001110000011010000000111010010000000000011101
000000000000110011100000000111000001101000000011001011100000
110110000000000001010000011101000001011100000100010001100000
010000000000000000000000010011000000111111101000000000001111
000000000000000111010000001110101010000001010000000000010110
011000000000000111000000001001010110111100000000001001110110
011110000000000001000000000000000001011100000000001011000000
000000000000000111000000000000000001010100000000010000000000
000000000000000010010000000000000001010100000010100000000000
000000000000000010010000000000000000111100100010010000000000
111000000000000101000000000000000001101000000000001001100000
110100000000000110100000011101000001011100000000000100010110
011000000000000001110000010001000001011100000000001100111101
000000000000000001110000011100000000000000000000000011100001
000000000000000010010000010100000000111000000000001110000000
000001101000000001011101111011000000000000000110110000000011
000100101100000100011101100000000000000000000100100000010110
111011101100000101101010100000000000011101001001110000010110
000001110100000010100000000000000001011100000000000000000000
000001010100000111010000000000100101110000000000000000000000
000001011100000101010000000000011100101110110000000000000110
101000000000000111000000000000000000101011001000000001010111
000000000011011010111001100000010111100000000000000000011001
000000011100000010011011110011001011110000000110010000001011
000001100100000000001011001001101101011100000000000111110110
011110000000000000001100011010000000101000000000000000000000
001000000000000000000100110011000001110100000000000000001001
000010000001110110101111000000111011000000000000000000001011
101010000010111011111011100000101100000000000000000000011101
111000000001101111100011100000000001101011000000000000010111
000000111000001000000010000000101001011111001000000000011001
111000011000000000000000000010000001101000111000000000001110
010010110100000000000000010111000001011000000000001011011100
100101111000000000000000000000000000010100000110010000001100
000001000000000101100000000000000000000000000000000000010000
111000000000000111100000000000000001011100000000000000000000
100110000000000111010000000110000001001100000000000000001110
001000000000000000000000001011000001111000000000001011000100
000000000010110101000000000111000001110100000000001111000000
000000000001101110110000011011000001001000000000000000000000
000000000001101111100000001110100110101100110000000000000000
000000000000000000000000001101011001011000000000000000000100
000001110000000000000000010101100111110111011000000000010111
100010101000000000000000010111000000000111001101010000011110
100101101100000000010000010110000000000010000101001110001111
000001110000000101110000000000010110000011101001111011001110
101100000000000110110000000000101101101010011101111000000000
000000000000000010000000000000011100000000000011100000000000
011100000000000100100000011110000000000000000010010000001011
111101001000000101010000000101110110000000000000000000011110
001110000000000101000000011101000001001100000101010000010110
111010000011011001000000000000011100000100000000001101100101
100110000011010100110111010000111100011000000111101011111001
000000000011100001101011000111100011101000000000000111101011
000000000001101111100000010001000110111001111000001000011100
001101011011010111010000011110100101010110101001100000010011
101111001110100000000000000000010110110011101000000000000000
001110101101110000000000000000110101011100000000000000000000
000001011011001000000000000000101010110101101000000000001010
001100000001101110100000000000000001011100101000000110001111
000110000011000000000000011001000001001101010000001101010100
101010000000000100110111000111000000010001011000001011001110
101100000000000001111100100000000000111000000000000100010110
110010000000000000000110100000000000000100000000000110110010
100110000010101111100101100000000001110000000000000010110101
000001110010111011000000000000001000111100000001110000001101
000001101100000010000000010101101001101000000011110101010011
000011111000000010010000011110101010001101000101010000010101
111010000000000011100000011100011111101100000011010000000000
010010000011011010110000000000101010110100000000000000000110
110110000011110000100000000000101010011101010000000000001100
101010000010001010010000000000101010110011100110010000010011
000000000011101110100000000000000000111000101011000111111000
000000000001001000000000000000000001011010011010011000111000
000000000010000000000000000111000001110001110011011011010001
000000000011001000000000001110000000000010100000000000000000
000000000000000000000000000011100000000000101111010000000000
000000000000000101000000001000100010000000000110111110011000
000000000010101010000000000001010110000000000000010011110000
000000000000000011110000000000011010111001100110011111010111
000000000000000111010000000000000110111100000111010000000000
000000000000000101110000000000000001001100010110100000000000
000001101100000111100000000000000000000000111110110000010011
000001110000000000000000011010000000000011011110010000001111
001110010100000000000000011010101010010001010000000100010111
000001010100000110011100000000000001101000000000000101000001
000000001110100011110000000000000001101000000000000000000000
011100000000011110100000000111000001011110100000000000000000
001110000000000111100000011011000011000001110000000000000111
000000000000000100010000001111101100101100000000000000001000
000000000000000000000000000000110010101100000111100000011000
000000000001011010110000000000001011000000000101010000001111
111100000010000000000000000000000001110000000000100000010010
000110000000000000000000000111001101100000000000000000000000
000000000001111000000000001111001001100101001000000000001011
000000000000100111010000011011101000111000000001110000001011
000000000000000000000000010011000001110000000000000000000111
000000000000000101010000000110000000110000000000001100101001
000000000000000111100000010000000001011100000000000111110111
000001011100000001010000010011000001111011100000000000011001
000000000010100111100000011110000001011111000000110000001011
000000000010111101100000010110000000111010100000000000011001
000000000011101000100000000011000001101000000000000000000111
000000000011011101110000000110000001110110101001010000011101
000000000011010000000000011110000000110100000110110000000000
000000000001101010010000000000000001101000000100100000000000
000000000011001110110000000000111010000000000000000000001101
000000000011101010010000000000000001110100000011011101001010
000000000010011000000000000000000000111100000010000110000000
110110000000000110100110100000000000000011011000000000011001
011110000000000111000000000000000000111010101000000111010011
000000000000000111100000000000000001001100101000000000000000
010010000000000001010000000111000000001001111000000000000000
101110000000000000100000010101000000110100000101100000010111
101100000000000101010111100000000001100100000011110111001100
000000000011110110110000000000000000000000000010010111100000
000000000010010010110000000000000000000000000000000000000000
110100000001101111100000010101000001110100000000000000010000
011110000000000001100000000111000000110000000000000000000110
101011010000000001110000010100000000000000000000000000000110
011100010000000000000000000000000000000100000000000000001111
111101110100000010010000000000000001001100000000000000000000
101111100000000111010000000110000001110100000010110000000000
000000000000000111010000010111000000101000000000000000001011
000000000000000001100000000000000001000100000000001011010111
000000000000000100110000000000000000000000000000000000000000
101000000000000110110000000000000001001100000000000000001101
000000000000000001110000001001110110010011001001000000011010
000000000010101100110111011011110001110000000000000000011001
000000000000000000001111010001000000100100000000000000010011
000000000000000100111110111100000001010100000000000000010011
000000000000101000001111011100000000111101011000000000001011
000000000001000010000111111010000000000100000000000000001111
000000000000000101011110101100010000000000000000000000000111
101100000000000011110001000000000001101000000101000000001101
110010000000000110011001100000101110000000000101010000011000
000000000000000000000000000000000001011100000010000000010010
000000000000000101100111000000000000111000000011010000011001
000100000000000000001110100000010011100100000000000001000100
110101011000100101100011100011111100111100000000000000000010
011111010100000000000110101111101111011100000000001001000000
111000101010010010001001110001000000110000000000001101101111
011001001110011000000000010010011110110100101000000000010011
100110111000000100100000000011000000000000000000000010010001
101010011111011000001000011011000000000000000000000000001110
110001001110111100101000110111000000111100000000001111000000
000001010011100001010000000110000000000000000000000000111110
100100000111100001000000010101000000101000000000000000010000
000001111000100001110000000111000001100010000000000000011101
000000000000000100110000000111000000000111000000000000001011
100000000000000110110000011001000000100110111101100000000000
000000000000000000000000010011000100011101110000100000000000
000000000000001110100000010010100100000000000101010000011011
000000000000000010100000000000001000111011001101110000010101
000000011110100100100000010000011010000010110001000000001011
000001111000000000000000001011110010000010000101100000001011
000000000000000000000000011101000000010011011000000000000000
000000000010000000000000000000000001001100000110110000000000
000000000000000011110110100000010110111000000110100000010101
000000000000000111100000000000000001011101101101000000000000
000000000000000111100000000000000001011111110101000000000110
000000000000000000100000000000000001011100101110100000010000
000010000000000001110000000000000000101100000101100000011101
110110000000000010000000011110000001111010100111000000011010
000000000000000110010000001001000001011110101110110000001110
000000000011110000000000010110000001011001001101000000000010
000000000011011001010000000000111010100100000110110000010010
000000000011011000100000000000010010000000000011110000001101
000000000000000011110000000000000010011100000000000000000111
000000000000000101000000000100111011000100111000000000000100
001110000000000111100000000000100110000001111000000000001101
000000000010101100110000001000110100100010110000000000010111
100000000001001000000000000000110010000000111000000000011100
111000000011100011010000000000001010100100100000000000011011
111100000000001000000000000000101000010001101101100000011101
000000000000000011100000011110000000000010110000000000010000
000000000010111101010000011011000001100101011000000011110011
110110000010110000000000000000000000000000000000000001111000
111000000011110000000000000000000001001000000000001100001100
101100000000000000001110010010000000110000000000001011100000
101110000001010000101001100000000000000000000000000000000000
110110000000000111100011100000111101100100000100001000000001
000000000001111010000000000000101010000000000000000101000000
000000000001111110100000011001000001100100000000011101000000
000000000000111001110000011101000000000000000000000111010111
101110000011100110010000001101000000101100000000001101000000
000000000000000000000000010110101011101000000010110000010000
111000000000000000000000010110101110110101010001110000100000
111000000000000010110000010011000000110000011010110000001110
111010000000000011010000011011000001101000000100010000000111
000000000000000100110000000000001010000000000010010000000110
000000000000000000000000001111100110010100000111010000000000
000101010100000111100000000111000001011100000111100000000000
110101101100000110010000000000001010101100000111000000000000
000000000000000000100000000000110010101000000100010000011000
000000000001100000000000000000001000010100000111000000000000
111000000001110100110000000000000001101100000010100000000000
110010000000111001010000000000000001011100000011110000001101
101110001000000111001101000000000000000000000011000010000000
110110000000000101010101100000000000000000000001000010100000
000000000000011000001101000000010010111100000100011101100110
000001001100000000000000000000001100000010110000100000000110
000000001100000000000000000000000010000011001011100000010000
000001011010101010000000001001011100000111000000000000010000
000000110111000100110000011100000001011011010000000011100000
010101001011011000000000011010000001011100000000000100000011
001110111001100100010011100000011001110000000000000010010001
111100000000010110100000000000000010101100000000001111011100
110010000000000100100000000000100000000000000000000010101011
111000000001101000000000000000000000110100000000000000000000
000000000011110010100000001000000001101000000000000100000111
011110000000010010010000001110000001110000000000000000000100
000000000010010000000000010110000000000000000000000000001011
000000000010111000100000000000000000110000000000000000010101
000000000000000010010000010010000000000000000000001000100000
000000000000000011010000000000000000000000000000001101100000
000000000000100011011101100000000001101000000000000000000000
100100000001111101111101100000000000000000000000000110000000
011110000011001110101100100000000000000000000000000011100000
010010000011010001110000011110000001101100000000000011011000
100000000000000100000000010100000000000010000000000110001010
000000000010001011010000011010000001101010100000001010111110
010000000000000110010000011010001001101000000000000000100000
111000001010001101010000001001111100000000000000001100100000
000000011110010000000000010001101000000000000111010000000000
000000000010110000001101011100000000000000000000000000011011
111100000000000011110000001110000000011100000000000000001100
111100000000000010010111000111000000111100000000000000010001
110110000000000110110100100000000000000000000011100000011011
010000000000000110010000010000000000000000000000001011001100
000000000010100100010000000000000000000000000000000000011110
010110000010110111100000000000000001100100000100000000011110
000000000000000101010000000000000001010000000000000000011010
000000000000000101010000000100000000000100000000000000011100
000000000000000000000000001010101110000010010100010000001011
000000000000000011000000010011000001000100100000000000001100
000000000000000110000100010000011011011111001000000000001000
000000000000000110011100100000010011011001001000000000001011
000000000000000001100000000000111010000001111000000000110110
000000111100000111100000000010000001110000100000000000000000
100110111001111001110000011011000000000010101000000000000000
000001100111000110110000000000000000000001011000000000000000
000000011011000010110000010111010111101011000000000000000000
000000000010101000000000011001000000011111010000000000000000
000000000000000000000000011100000000001100000000000000011110
111000000000000000000000011101000001110000000000000000001111
110010010010101000000000000010000000000000000000000000011011
000001001111010000000000001001000000010000000000001110110001
000001101100101000000000011001000000011000000000000000101001
000001010111010000000000011000000000000000000000000000010101
000001001100000000000000000000000000000000000011001011111100
000001000100000101010000000000000000110100000000001010100000
000001100100000000000000000000000000101100000000000000000000
110010111100111000000111100000000001011100000000000000000011
000001111010111000000101001101000000100101101101010111100000
011100000011100101010000011011000001010110111000001110000011
