0000000000000000100000000000000000000000
0000011110000000000000000001100000000000
0000011110000001101100000001111010000100
0000001100000001110000000110000000010111
1110010011000000011100000000000000010010
0000010011000001101100000000000000011010
1001100101000001001100000000000000010111
1001100010000000000000000010000000010000
1010100000000001110100000000000000000000
0011000000101100001000000010110010100010
1111000000000000011000000101000111000000
0000000000000001001000000110110000100000
0000000000000001001100101000000110000000
0000000000001110000000000000000000011101
0000110000101110100000000001110000001011
1011010001010101110100000010110000001101
0000000000000000011000000110010000011100
0000000000000000101100000000110000000000
0000000111000001111000000000000000000000
0000000110101110000000000000000000000000
0000010100010101001000000000000000000000
0000011101000000110101001000000000000000
0000010110000000110100000100100000000000
0000010111000001000000000001111011110000
1100101111110000000000000001110010011001
1110101111000000000000000001110000000001
0011100111000000000000000111000000000000
1100100000000001111000000000000000010111
1001000000000000100100000000000000000000
0111111011000000000011000110110010000000
0000011100000010111000000110010000000000
0000001011011010000000000010000000010111
0000001011011101100100000001110000011100
0000000000000000001000000101110000000000
0000000000011001011000000000000000000001
0000000000000111111000000110010000000111
0000000000000010011100101000000000000000
0000000000001100000001110100110000001101
0000000000100110111011010001110000010011
0000000000000110000110110101100011000110
0000011100101111011100000001110000000001
0000000101101101001101111000000000000000
0000001000000001011001011000000000000000
0000010011000000110000111000000000001110
0000000000000000100000011011010000001001
0000000000000001000101111111010110110011
0000000000111010000011110111001100001110
0000000000110100000001110111100000000111
0000000000111000000010110001100000011010
1000100000010110000001111000000000001000
1110000000010010010100111100000000000000
0100000000001011001000011011000000000000
0100000000011111110001100011110000000110
0000011101000000011111001001110011001011
0000011011000001001101111010010010000101
0000001111000000000011100000100110100010
0101111011000001101111110100011011100001
1001000000000001000100000000000001110111
0000000000000001011000000000000000010110
0110000000000000010000000110010000000000
1101000000000000000000000101111011000000
1101100000000000011100000101010000000000
1011000000000001101000000111100000011001
1100100000000000100100000111100000011011
0000000000000000000000000101000000011001
0000010010111100000000000000001111000011
0000000000010110000000000000000111000111
0000011001000000000000000000001010100101
1011101101000110000000000000000111010111
0000000111010000000000100000000001010010
0000000000000000110100000000000001100100
0000000000000001010100000000000000001101
0000001011000000111000000011010000001001
1111001011000001111000000011000000011000
0000010101000001001100000011100000001110
0000000010000001110000000000000000010111
0000011101000000101100000001110000000000
0000001110000000100000000011010000000001
0000010011010100000000000110110000000010
0000001011000001011000000000000000000001
1011011110000000101100000100100000001111
0001011010000010010111100010110000010001
1100111010111100100001011000000000000000
0000000000110110001100111000000000000000
0010100000000000000010110000000000000000
1001000000000000000010110000000000001101
1101100000000001110000000100100110110010
0101100000110011001100000111100110110011
0000000000000000110100000001111101010101
0000000000000000000000000000001011010110
1000100000000001111000000100000000000000
0001100000010001001011001110100000010000
1100100000100010010101101001110000011110
1100100000010110000010011010010000011010
1110000000000000000000000001110000010111
0000000000000000000000000001110000000011
0000000000000001001100000010110000000000
1010100000000001001100000101110000000000
1011100000000000000000000010010000001001
1001000000000000000010010011010000011010
