0000000000000000100000000000000000000000000000000000000000000000000000000000000000000000000000000000
0000011110000000000000000001100000000000000000000000000110010100100000100000000011001101110000000000
0000011110000001101100000001111010000100000000000000000000001011100000000011011100001100110000000000
0000001100000001110000000110000000010111000001011111101011010000011001100010001000111111100000000000
1110010011000000011100000000000000010010000001001000111000000000000111000000000000000000000000000000
0000010011000001101100000000000000011010000101101100000000110000001011000000000000000000000000000000
1001100101000001001100000000000000010111000001101100000110000000011001000000000000000000000111000000
1001100010000000000000000010000000010000000000000000000111010000011110111001101000000000000000000000
1010100000000001110100000000000000000000000000000000000110010000000111000101101111001111010000000000
0011000000101100001000000010110010100010000000000000000101110100000000000000000000101010100101100000
1111000000000000011000000101000111000000000000110010010011011111000000000000000000000110000110000000
0000000000000001001000000110110000100000010110101000000010101100000000100110000000111011110000000000
0000000000000001001100101000000110000000000000000000000101011011100000000000111100111000000000000000
0000000000001110000000000000000000011101000000000000000000000000000000101000100010011000000000000000
0000110000101110100000000001110000001011000000000000000000100000001101111100000001101000000000000000
1011010001010101110100000010110000001101000000000000000000000000000110010110000000000000000000000000
0000000000000000011000000110010000011100000000000000000011000000001011001110000000000000110000000000
0000000000000000101100000000110000000000000001101000000100111101000000011010000000000110110000000000
0000000111000001111000000000000000000000000001111000000000000100100000010010000000000011100000000000
0000000110101110000000000000000000000000000000011000000000001011100000000000000011101011100000000000
0000010100010101001000000000000000000000000000000000000000010000000000000000111111001000000000000000
0000011101000000110101001000000000000000000000000000000011100000000000000000111111001000000000000000
0000010110000000110100000100100000000000000001010110110111011100001000000001001011001000000000000000
0000010111000001000000000001111011110000100011010000000101010011000000000001011011010000000000000000
1100101111110000000000000001110010011001111001010100000101100010101011000000001001101000000000000000
1110101111000000000000000001110000000001001010110101010101011001100101000000101111001000000000000000
0011100111000000000000000111000000000000010110000000000011010000010110101100100010001000001000000000
1100100000000001111000000000000000010111111000000000000110010000000010100100000010001011100000000000
1001000000000000100100000000000000000000111100000000000000001111011110110101100101010000111110100000
0111111011000000000011000110110010000000101100000000000000001110010111000001001111001000000011100000
0000011100000010111000000110010000000000011001000000000100000000000000000000000000000000000000000000
0000001011011010000000000010000000010111011100000000000010100100100000000000000001011001000000000000
0000001011011101100100000001110000011100101100000000000000000000000000111011101110111100110000000000
0000000000000000001000000101110000000000011000000000000000110111000000101100010111110011100000000000
0000000000011001011000000000000000000001000000000000000011110000010111110111001110111011010000000000
0000000000000111111000000110010000000111000001010000000000000000001100000001011000101100110000000000
0000000000000010011100101000000000000000101110000000000000001111001101000000100001010110110000000000
0000000000001100000001110100110000001101010100000000000100100011001110000001100100000001100000000000
0000000000100110111011010001110000010011010000000000000100010000011001000000000010111000000000000000
0000000000000110000110110101100011000110001100000000000101110000000000000001111001001111010000000000
0000011100101111011100000001110000000001101110000000000000000000000000100111010011011100000000000000
0000000101101101001101111000000000000000110100000000000000000000001111010111110000010101110000000000
0000001000000001011001011000000000000000000000000011001000000000010110101001100100000000000000000000
0000010011000000110000111000000000001110000010000001011000100000011100101000101100000000000000000000
0000000000000000100000011011010000001001111010000011010110111101000000000000011110110100110000001101
0000000000000001000101111111010110110011001100000000000011111001100000000000000011001011000000000011
0000000000111010000011110111001100001110000000000000000101100111100000111000000011001100110000001011
0000000000110100000001110111100000000111000000000000000111010011100001101110000000011101100000000110
0000000000111000000010110001100000011010000000000000000101110000010110100110000010000101100000000000
1000100000010110000001111000000000001000000000000000000100010000010011110000000000000000000000000000
1110000000010010010100111100000000000000000000000000000100011011101101100110000010100000110000000000
0100000000001011001000011011000000000000000000000000010100000000000000000001100111110011100000000000
0100000000011111110001100011110000000110000000000000000010010000000000000000110001101000000000000000
0000011101000000011111001001110011001011100100101100000011000000000000000001000011010111100000000000
0000011011000001001101111010010010000101110000100000000011000000000000000000000000111000000000011110
0000001111000000000011100000100110100010101100000001110000000101000000000000000000000011111000111000
0101111011000001101111110100011011100001000110000000000100100000000000000000000000101000001100011011
1001000000000001000100000000000001110111101110000001110100010000000000110010000000000000001100101101
0000000000000001011000000000000000010110010110000000000001011000000000000000000000000011111010100000
0110000000000000010000000110010000000000010100000000000011111110000000000001110011101100000000000000
1101000000000000000000000101111011000000110110000100000110000000000000011101101110011011100000000000
1101100000000000011100000101010000000000101010000000000100000000000000010000000010011010010000000000
1011000000000001101000000111100000011001011010000000000101101010000000000011110101111101110101100000
1100100000000000100100000111100000011011000000000001101000000100000000011110001100000100111110100000
0000000000000000000000000101000000011001000000000000000000000000000000000001110110000010010101101001
0000010010111100000000000000001111000011000000110011001000010000000000000000101000000101000111011010
0000000000010110000000000000000111000111000000000011010000001101010010000001101111010011101101011010
0000011001000000000000000000001010100101000000000000000000000101000000100000000010010000100000001100
1011101101000110000000000000000111010111000000000000000101101111000000000000000001111011011001000101
0000000111010000000000100000000001010010000000101100000110010110000000000000000011000110000101100000
0000000000000000110100000000000001100100000001110000000000001110000000000000110000000101011111000000
0000000000000001010100000000000000001101000000110100000000000101000000000001010110110000110100100000
0000001011000000111000000011010000001001001011010000000000000000000000100000111100010000001001000000
1111001011000001111000000011000000011000101110000000000100010000000000000000101100000000001011100000
0000010101000001001100000011100000001110101110000000000000000000000000000001001111001101000011100011
0000000010000001110000000000000000010111000000000000000000110000000000000000000001101101101011111011
0000011101000000101100000001110000000000000000000000000111000000000000011010000011011100111110101110
0000001110000000100000000011010000000001000000000000000101110000000000001001100101010000000000000110
0000010011010100000000000110110000000010000000000000000000110000000000011100110111110000000000001011
0000001011000001011000000000000000000001000000000000000111010000000000001010110100101000000000000111
1011011110000000101100000100100000001111000000000000000001110100100000000000101110011000000000001110
0001011010000010010111100010110000010001000000000000000000000111101110101100100001110000000000010111
1100111010111100100001011000000000000000000000000000000000001011001110000001001101101000000000010110
0000000000110110001100111000000000000000000000000000000000000000010101000000101000101011100000110110
0010100000000000000010110000000000000000000000000000000000000000000000000000000010101000001000100111
1001000000000000000010110000000000001101000000000000000111011110100010000000000001111111101100100000
1101100000000001110000000100100110110010000000000000000101000111000000000001010111010111000000001011
0101100000110011001100000111100110110011000000000001000100111101000000000000000000000101110000011110
0000000000000000110100000001111101010101000000000000000110100000010010000000000001110011100000011010
0000000000000000000000000000001011010110000000000010000101011101100111000001101111010101100000010111
1000100000000001111000000100000000000000000000000010111001011110000111000000000101100000000000010100
0001100000010001001011001110100000010000000000000011010000001101100000000000000011110000000000010111
1100100000100010010101101001110000011110000000000000101100010000000000000000010101011000000000000000
1100100000010110000010011010010000011010101000000000000100010000000000000000000000000000000000000000
1110000000000000000000000001110000010111011110000000000100000000010100000000000010001000000000001100
0000000000000000000000000001110000000011011110000001111001100000010101000001110000000000000000011110
0000000000000001001100000010110000000000010110000000000011010100111011011011000110110000000000010011
1010100000000001001100000101110000000000011110000000000000000000000111000000111110110000000000011110
1011100000000000000000000010010000001001110010001110001000001001101110000000000001101011100111110101
1001000000000000000010010011010000011010011101100011011001001100000000100010010101011000000000000000
