0000000000000000100000000000000000000000000000000000000000000000000000000000000000000000000000000000
0000011110000000000000000001100000000000000000000000000110010100100000100000000011001101110000000000
0000011110000001101100000001111010000100000000000000000000001011100000000011011100001100110000000000
0000001100000001110000000110000000010111000001011111101011010000011001100010001000111111100000000000
1110010011000000011100000000000000010010000001001000111000000000000111000000000000000000000000000000
0000010011000001101100000000000000011010000101101100000000110000001011000000000000000000000000000000
1001100101000001001100000000000000010111000001101100000110000000011001000000000000000000000111000000
1001100010000000000000000010000000010000000000000000000111010000011110111001101000000000000000000000
1010100000000001110100000000000000000000000000000000000110010000000111000101101111001111010000000000
0011000000101100001000000010110010100010000000000000000101110100000000000000000000101010100101100000
