0000000000000000100000000000000000000000
0000011110000000000000000001100000000000
0000011110000001101100000001111010000100
0000001100000001110000000110000000010111
1110010011000000011100000000000000010010
0000010011000001101100000000000000011010
1001100101000001001100000000000000010111
1001100010000000000000000010000000010000
1010100000000001110100000000000000000000
0011000000101100001000000010110010100010
1111000000000000011000000101000111000000
0000000000000001001000000110110000100000
0000000000000001001100101000000110000000
0000000000001110000000000000000000011101
0000110000101110100000000001110000001011
1011010001010101110100000010110000001101
0000000000000000011000000110010000011100
0000000000000000101100000000110000000000
0000000111000001111000000000000000000000
0000000110101110000000000000000000000000
0000010100010101001000000000000000000000
0000011101000000110101001000000000000000
0000010110000000110100000100100000000000
0000010111000001000000000001111011110000
1100101111110000000000000001110010011001
1110101111000000000000000001110000000001
0011100111000000000000000111000000000000
1100100000000001111000000000000000010111
1001000000000000100100000000000000000000
0111111011000000000011000110110010000000
0000011100000010111000000110010000000000
0000001011011010000000000010000000010111
0000001011011101100100000001110000011100
0000000000000000001000000101110000000000
0000000000011001011000000000000000000001
0000000000000111111000000110010000000111
0000000000000010011100101000000000000000
0000000000001100000001110100110000001101
0000000000100110111011010001110000010011
0000000000000110000110110101100011000110
0000011100101111011100000001110000000001
0000000101101101001101111000000000000000
0000001000000001011001011000000000000000
0000010011000000110000111000000000001110
0000000000000000100000011011010000001001
0000000000000001000101111111010110110011
0000000000111010000011110111001100001110
0000000000110100000001110111100000000111
0000000000111000000010110001100000011010
1000100000010110000001111000000000001000
1110000000010010010100111100000000000000
0100000000001011001000011011000000000000
0100000000011111110001100011110000000110
0000011101000000011111001001110011001011
0000011011000001001101111010010010000101
0000001111000000000011100000100110100010
0101111011000001101111110100011011100001
1001000000000001000100000000000001110111
0000000000000001011000000000000000010110
0110000000000000010000000110010000000000
1101000000000000000000000101111011000000
1101100000000000011100000101010000000000
1011000000000001101000000111100000011001
1100100000000000100100000111100000011011
0000000000000000000000000101000000011001
0000010010111100000000000000001111000011
0000000000010110000000000000000111000111
0000011001000000000000000000001010100101
1011101101000110000000000000000111010111
0000000111010000000000100000000001010010
0000000000000000110100000000000001100100
0000000000000001010100000000000000001101
0000001011000000111000000011010000001001
1111001011000001111000000011000000011000
0000010101000001001100000011100000001110
0000000010000001110000000000000000010111
0000011101000000101100000001110000000000
0000001110000000100000000011010000000001
0000010011010100000000000110110000000010
0000001011000001011000000000000000000001
1011011110000000101100000100100000001111
0001011010000010010111100010110000010001
1100111010111100100001011000000000000000
0000000000110110001100111000000000000000
0010100000000000000010110000000000000000
1001000000000000000010110000000000001101
1101100000000001110000000100100110110010
0101100000110011001100000111100110110011
0000000000000000110100000001111101010101
0000000000000000000000000000001011010110
1000100000000001111000000100000000000000
0001100000010001001011001110100000010000
1100100000100010010101101001110000011110
1100100000010110000010011010010000011010
1110000000000000000000000001110000010111
0000000000000000000000000001110000000011
0000000000000001001100000010110000000000
1010100000000001001100000101110000000000
1011100000000000000000000010010000001001
1001000000000000000010010011010000011010
0000011101000001111000000100100000010111
1110101011111101111000000100110000010111
0111010110111010000000000001110000011000
0010010110101010000000000111010000000000
0001010110101011001100000001100000000000
0111100000011110101100000110010011010011
1101100000001111010100000000001010000000
1001000000010111110000000011111000100000
0000000000011101000100000000000110010001
1100100000000000000000000000001011111011
1010100000000000011111110000001011010111
1110100000000001001111110011110101101111
1110000000000001010001100111000101110110
1011000000000000000010110100110000111001
0000000000000000000001101110110001000011
0000000000000000100011010011010001001111
0010000000000000000010010111000000001111
1101100000000001100111011000000000011000
0000100000000001110100011000000000001110
0011100100000000000001101000000000010111
1111000000110101000111110010100000011011
1101000000010010010101011011010000011011
0000000000100100111110110000000000001011
0000000000111000000000000111000000010010
0000000000101110000000000011110000011000
0000000000011110000001010000000000011000
1000100000101100000000000010110000000000
0000000000001110000000000110010000011011
0011000000000000000000000000000000000110
0001000000000001111000000000000000011010
0000000000000000000000000000000000011101
0000000000000000011100000000000000011001
0000000000000000011000000000000000010111
0000000000000000000000000000000000000100
1110000000000000000000000011110000000000
1010010101000000000000000001110000011101
1010100101000000000000000000000000001101
1110001101011100000011000000000110000000
0000100011000001111000000000000000011101
1000100100000000000000000000000000001011
1001100000000000000000000000000000001111
0000000000000000000000000000000110000000
0000000000000001110000000000000000011000
0000100000000000000000000100010000001001
0110000000011110000000000011010000000000
0000000000011111110000111011010000000000
0000000000110011101011000110110000000000
0011100000101010000000000111100000000000
1001100000001100000000000000000000000111
1010100000111010000000000000001010101110
1111001010101110000000000000000000000000
0000010101100011100100000000001101000000
1001110111011110011100000000101101111100
1101110001111001110000000101011001001110
0000011110101100111100000011110110111101
0000011010011000111000000100010101111100
0000101110111101110100000000000100101111
1101110101101111110100000000001000010111
0100111010111101110000000000000110000001
1000100111111000000000000101101100111100
0000000110000000000001000001010000010111
0000000000000001011110111100010000000010
0000000000000001010100110111101011011101
0000000000000001110110111110100000000000
0000000000000000000011100000100000000001
1110000000000001010111010010110010010111
0000011001000000001000010000001010111011
0000001001000001101000000000000100010010
0000010100000000000000000001110000001001
0000011101000000000000000000000000000000
1101111011000000001000000000000000000000
0000010101000000011000000100110000000101
0000010111011010011100000000001000010001
0000011001101101111000000111100000001110
0100001110101100111000000110111110100110
0000000101110010000000000010111111011001
1110010110000000000000000100111110010001
1011111101000000110100000101011110010100
0110000000000001101100000100010000000000
0000000000000001001000000000000000000000
1001100000000000000000000011110101010011
1110001101000000011100000011010000000000
0000010001000000000000000001110000000000
0000010110000000101000000000000000010100
1010101101000001101100000000001110110111
0000000000000001001100000000001011001011
1110000000000000000000000000001100001110
0000000000000001111000000000000010010100
0011000000000000010000000111010000011100
0000000000000001101100000001110000000000
1110000000000000111000000010110000000000
0000000000000000000000000001110000000000
0000000000000001000100000110100000000000
1011100000000000000000000111011101000000
0000000000000000000000000000000000000000
0000000000000000000000000000001011011011
0001000000000001010100000000001011110010
0000000000000000100000000001001101010000
1000100000000000100100000110110010100000
0101100000000000111000000110101001111011
0101000000000000100000000111101011000000
1101000000000000000000000001001111000000
1011001101000001100000000000000000000000
0000110101000000000001010110100000000000
1110000100000000101110001101000000000000
0000011010000001110100111100100000001101
0000001011011000101100000111000000011101
0000011100110111111000000011100000011011
0000001110101100110100000001000000001101
0000000000001101001100000100110000011011
0011100000000000000000000000000000000000
0000000000000001111000000110100000000000
0000000000000001011100000010110000001101
1001100000000000000000000100100000000000
1101000000000000000000000000000000000000
0010000000000000000011010110100000011100
1101100000101100101100000001110000000000
1000000000000000000000000101000000010100
0000000000000001001000000000000000011100
0000000000000010101100000101110000011010
0000000000000000000011011100000000001001
1011100000000000000011101111000000000100
0101100000000000100101011010111010000000
0110000000000001001000000101100110000000
1101000000000001111000000101100111101010
0001100000000000111000000000001011000000
1011100000000001001100000111101111010100
1100000000000001011000000000110000011001
0001100000000000011000000000000000010111
1011100000000000110100000000000000011000
1101000000100111111000000000000101110001
0000110100001011100000000000000101100000
1100110001000000001100000000001010100000
0000001100000001001100000000001010100000
0100100000110010111000000000000111101010
0101000000000001110000000000000000001011
0001000000000001101100000101100000001110
0101100000000001100000000111010000011010
0000000000000000000000000001110000010111
1100100000111010000000000010000000000000
0000010110101101100100000101010000000111
0000010101011111001000000000000000000000
0010101011011001010100000101010000000000
0000011001101010101000000110011000000000
0000000000000000110100000110111110000100
0101100000000001111000000111001101001011
0111100000000001111000000010001101111011
1110000000000001111000000111100011101110
1111000000000001110100000100001011000000
0110000000000000101100000011001101011100
1101000000000000011000000000000000000000
1010100000011001111000000010000000000000
0011100000111010110100000000000000001101
0010001010110011011000000000000000010001
1110000000001101001001001001110000000011
1010000000000001001100000000000000000111
0000000000000000110100000000001100010110
0000000000000001001000000000001001100010
0000000000000001101000000010110101110101
0000000000000000100000000001111011110111
1001100000000001010001110101011111000000
1001000000111010000010111110101101101001
0100100000000000101111100101010001101111
0000000000000001100100010001001100011000
1011111110110010011111011110010111001011
1011100101010111110010110000000000010111
1011000000111101111000000000001010100001
0000000000011011111000000101010010011010
0000000000000001000000000100010000000000
0000000000000000111100000110010000001110
0000010111000000100000000101010000000000
0000001111000001010100000110100000010100
0000000010000001110100000100110000001010
0000001001000000110100000000000000010111
0000000000000001100100000000000000010111
0000001011000000000000000000000000001011
0000101011000000111000000000000000000000
0000000000000001111001111000000000001001
0000000000000000011001111000000000001110
0111100000000001110110001000000000000000
0100000000000001110010010111100101001110
1001100000000001101110110110110100110110
0000000000111010010100111111000010000000
0111100000100100000000100110010000000000
0000000000011100000000000000000000001010
1000010100000000010000000000100000000001
0000011101000001100100000011100000011010
0000000000000000000000000000000000000000
0000000000010101110100000000000000011100
0111100000011100100000000101010000011000
0101100100000001001100000000000000001011
1110000000000001111000000000000000000001
0000000000000001111000000010011011100000
0000001000000001011010110010100000100000
0000000000000001000100011010101010100000
1101100000000010110111101011010000010111
1011101000100011010111010000000000010010
0011110000000111100101111000000000001011
0101101010110010111110110100000000000011
0000001111000000000001011111010000010111
0000001110010100000000011100000000001010
0111110111101010000000000000000000010101
0000101010000000010000000000000000010111
1111011011000001001100000100110000000000
1001100000000001001000000101100000011100
1010100000000000011000000010100000010110
1001100000100100000000000111010000011101
1010100000101100001000000011010000111101
0000000000011000111100000100100000000000
0000000000001110010000000110111010100000
0000000000000001111000000010010000000000
0000000000000001010100000111100000000000
0000000000000000000000000111000000000000
0100100000000001110100000110101000101101
1100100000000001000010111011000000000001
0111000000000000110011011111100000000000
0000000000000001111001101010001010110111
0000000000000000000100000100000000000110
0000000000000011101000000101100000010101
0000000000010001111000000100110000000000
0000000000100100110100000101010000000000
0000000000001001110000000000000000001001
1001000000111010010000000000000101000000
0000000000000001000000000000000011111100
0000000000000000001000000000000000000010
1100000000000001111001101100100000011110
1001100000000000001000000111100111111100
1000100000101011111001111101111101001101
0010100000101011110110110000001101010100
0000000000111000111100000000001110000000
1110001111000000111100000000001110000000
0000011110000000101100000000000111100000
0011100000000001101000000000001101111000
0000010111101110010101100010111010101110
0000001110011100111100010000000001010000
1101000000111000101100110000000000010101
1110100000101010011110110011000000000000
0010100000110110000000101000000000000010
0110100000000001001100000010000000000000
1100100100000000000000000000000000000000
1100011010010110111100000010100000000000
0000000001000001010100000000000000011001
0000010111001011010000000000000000000000
0000001111101001110000000000000000011011
0000000000000000000000000000000000000000
0011100000000001100100000010010000001001
1110000000000001001100000101000000000111
1010100000000000000000000011010000010011
0000000000000001001000000100110000001100
0000000000000000101000000000000000000101
0110100000000000111000000000000110111011
1110000000000001000100000000000000011011
0011100000010110100000000000000111111000
0111000000000000111000101000001100001101
1001100000000001101110000000001011100000
0000000000000001111000101000000111100000
1011000000000001110000010000000000000000
1110100000001110101111010000000000001011
1110000000101100101110101111010000001010
0000000000011111111001101011000000011010
0000000000000000111001001110010000000001
0010000000100000000011100000000000010111
1000100000000000010100000000000000011000
1011000000000001111000000000000000000000
0011000000010100011100000101110000000000
0000000000111101101000000011010000000000
0000000000101110110000000010110000010011
0000000000110000000000000000000000010111
1101011001000000100000000011010000010001
0101011011000000000000000000000000001101
0101100000000000100100000000000000010111
1001100000000000111000000001000000011100
1010100000011011010100000111000000010010
0011100001101101110100000000000000001011
1101011010000001100100000010001001011101
1100011100001010000000000010000011100000
0000000000000001001000000001110000000000
0000000000000001000000000111100111100000
0000000000000001110100000101111100110111
0000000000000000011000000111010000000011
0000000000000000000000000011010000000001
1110000000000000000000000111010000010111
0011100000000000000000000000010100111010
0000000000000000000000000011110110100001
0000000000000000111000000010111001000010
1110100000000000000010000001110001000000
0111100000000000000000000000000000000000
0110100000000000000000000000000000000000
1001011110000000000000000100100000000000
1101100000000110000000000000001101101010
1001111010000000000000000100001111001010
1000101111010000000000000000000000000000
1000000001000000100000000000000000000010
0111100000000001001000000000000000000001
0001000000000000000000000000000000011000
0000000000000001111011100100010000000110
0000000000101110100111011010011101000010
0000000000010011001101011111001101001111
0000000111100111111011101000000000010001
1101011101111011110010111110110000011010
0000011101011100000011101100100000010111
0000000000100001110001110011100000010101
0000000000101100011110101000000000011001
0000000000001101110111110000000000010101
1011000000010010101010010011110000000011
1110100000010011001111011000000000010010
1100100000000001101011001000000000010011
1101000110000100000000000110110000000001
1011110110111101001100000001000000000000
1110000110111001011100000000001101100000
0010100000001101100100000100001110100000
1101100000101100001000000111011100100000
0000000000000001100111110111100000000000
1001100000101111000011010101000110100000
1011000000001010110101011010111100111100
1111000000000101010110011000100000011010
0000000000000001010111100111100000011011
0000000000000000001011011011010000001101
0000000000000001111001001011010000001011
0000000000000000011110011111100000011101
0000000000010111111011001111010000000001
0000000000011110000010011111010011100001
0000011100111101111000000001011101001011
0111101000111001010100000000000111010011
1101101111010110111100000100101100010000
1010100111000111111000000100111010101100
0101001101110110000000111001110000000111
0000000000100010111010101101010000000000
0000000000000000011000000111000000010111
0000000000110100110100000100010000010111
0000010011100101000001101100000000000111
1101100000000001111011001000000001010011
0011000000000001010110111111000000000110
0011100000000001001100110111000000001011
1110000000011010101001100011010000011110
1101100000111001100101010000000111100000
0101100000011111111000000000001011100000
1101100000000001101100000000000000010011
0011100000000000111000000010010000011101
1100100000000000000000000001110000001010
1100100000000001111000000110101110000111
0000000000001000010000000000000000011001
1101000000111000100000000000000000011011
0000000000000101110000000010010000001010
1000100000110110110000000010110000001100
0000000000010111000110000000000000011100
0000000000101100011111101111010000000000
0000000000100100011111010010010000000000
0000000000000000010111010100100000000000
0011000000000000100000011010001101011000
1101010101000000000000000000000101111101
0000000000000000000000001000001011011110
1001000000000001100110010000000011101101
1100100000000000000011010000001100110111
0101100000000000000010110111001110100001
0110000000000001110100000110000000000000
0000000000000000000000000110110000010111
0000000000000001110100000000000000000110
1011100000000000111100000001110000000000
1011000000000001110100000110100000001110
0100010111000000000000000000000000001101
1110000101000001111000000000000000011010
1010011011000001000100000000000000011000
1110000000000000000000000100110000011010
0100100000000000011100000001000000000111
1101011001000001111000000000010000001100
1110011101001010000000000000000000010000
1001110101000000010001000000000000001110
1011001110000000000000001001110000011100
0111100000000000000001110000000000010101
1000100000000000000011100110111100101010
1101100000000000000001111000001101110111
0101000000010111000110101010110110001110
1101100000110101111011011010110100100000
0111100000100101111011011011110010110101
1011100000000000011100000111001100111001
1100000000000001111000000001110000011010
0000000000000000100000000000000000010100
0000001101000000000000000000000000010110
0000000000000001000000000000000000000000
0000000000000000000000000000000000010000
1011100000000000110000000000000000010010
1100100000000000111100000000000000000000
0000000000000000001000000000000000000000
1101000000000000110100000101010000000000
0000000000000000001000000101010101101101
0000000000000001010000000111100000010111
1110100000000001111001011000000000000000
0011100000000001110011110100100000000001
0000000000000001001100000110110000001010
0000000000000001101100000100010000000010
0011100000000001110010000000000000000011
1010100000000000000011110000100000001000
0101100000000000010111100000110100110010
1001000000000001010000000000001010111010
0001000000101111001100000001110100101111
0000000000000001111000000000001011110111
0000011001000001001100000000000110100000
0000001110000000001000000000000010000000
0000010101000001010000000000001110000000
0000011011000000000000000000001101000000
0101111010000000000000000111010001000000
1000100011000000010011001000000000010001
1111000000000000000010000111000000011000
0010000000000000000010101110100000011011
0000000000000000110110110000110000001010
0000000000000001001101011011101111000000
0000000000000001111010110100100100000000
0000000000000001001001101111001101000000
0000000000000000010001011000000000100110
0000000000000000011101100000001000110110
1110000000000001001101101000000101110101
1011100000000000111101101000001110000000
0000000000000000000011100000001010100000
0000000000000001110100000101000000000000
0000000000000001110100000110110000010111
1110000000000001110000000001110110101001
1101000000000000000000000000001101100000
1101100000000001111000000000101001111011
0000000000000000111100000100000100111100
0000010110000001001100000100110010101101
0000000000000000000000000000000011100000
0000000000000000000000000000001100110000
1111000001111101111000000000000000001100
0000010111100010000000000000000000010001
0111111101100100010000000000000000001010
1011011010000001000000000000001101011011
0000000000000000000000000111100000000000
0000000000000000000000100101010011100000
0000000000000001010100000111100000000000
0000000000100010100011001100000000000000
0000001111101010000000000111010000000001
0000010111001100000000000101010000000000
0000000100111001101001011111100000000101
0000001101000001111010011100110000000000
1110111100000000101100000111100000000011
0000010101000000000000000111000000001100
0000000001000000000000000010110000010111
0000011011000000001000000000000000010101
0000001000000001110000000000000000011100
1000100000000000000100000000000000010011
1101100000000001011100000000000000000000
0000000000000001000100000000000001010111
1110000000000000011010110111100000011100
1001100000101010100111110010110000000111
0001100000111101110011010110110000011001
0111100000110110101101101111001111001111
0111100000000000010111001111100101100100
1110100000110100000011100000110101100000
1110000000000001100100011110110101100000
0101100000000001011111110100101101000000
1011100000000000100000000111101101000000
0000000000000000100000000010011110011100
0111100000000000000000000001111111101001
0110000000000000000000000000000000010110
0000000000000001001000000111000000000000
0000000000000000010100000001110000011101
0000000000000000000000000000001101110101
0000000000000000000000000010100000000111
1101100000000000000000000010000011100000
1101100000001000011100000000000000011100
1111000000100001101100000010001101101111
1110000000000001010111100000001001101110
0000000000000000000000000000001101101111
0111100000000000000000000000000000000000
0010000000000000000001101000000000000000
1001101011000001011101011100111011000100
0000001011000001111010100001100000000000
0000000111000000000001101110100000011000
0000101110000000101000111011100000000000
1010010110000000000000000010100000000000
0000010101000000000000000000000000010100
0000000101000000101100000111100000011110
0000011110000000101000000011011010111010
0010110100110011111000000010001110110110
0101101110000001100000000011011111001111
1110011100011101101000000011010110111101
1000100000000111001100000000001110111010
0111100000000000000000111010100100100110
1001100000000000001011101111100000010111
0000000000000000100111100110111100110110
0000000000000001100101110100111110100111
0000000000000001000111100010110000011100
0000000000000000100010010001110000001011
0000000000000001010000000010000000000010
0000000000000000110100000111000000000000
0000000000000001001100000010000000011100
1110100111000001010100000001100100010010
1010110101000000000000000000000000000010
0000010111000000000000000000000000010011
0000000000000000000000000000000000001010
0000000000000000000011001000000000001111
1001000000100011101111110000001010100001
0011100000000001001100010010111101000000
1101100000000000011001011111010111000000
0001011100001110000000000011011000000000
1010011011101111010100000010111110000000
0000011001000011011000000000000000000000
0000001011000000000000000010100000010001
1010100000000000000000000010110000010111
0000000000000000100100000010010000011000
0000000000000001010000000000000000010111
0000000000000001100000000001110000001101
0000000000000001010000000011100000010100
0000000000000000000000000011010000011011
0000000000000001111000000100110000001010
1111000000101110011100000000000000001101
1110100000000000000000000110100000001011
0000000000000001001100000000000000000000
0000010100000000000000000011010000000000
0000000000000000001100000000000000001101
0000000000000000111100000000000000010011
0000000000110110000000000001100000000000
0000000000101000000000000011000000000000
0000000000000111110100000101110000000111
0000000000001100011100000110100000001110
0000000100101100101100000000000000000000
0000011010110100000000000000000000000001
0000000000111100000000000111000111101100
0000000000100010000000000001000100111100
0001000000010110000000000011011100111001
1110000000001000000000000100100011000111
1010100000000000000000000000000000001101
0111100000000000011100000111000000010000
0000000000000000011100000000000001111100
0101100000000000111000000000001100000110
1011000000000001111000000111010000000111
0000011101000001101000000000000000010100
0000001000000000100100000110000000011000
0101101101000001110000000011010000000000
0101111010001000111100000000000000000000
0000000100110011110100000111100000001111
0010000000101111100100000011110000001001
0000000000000010010000000000000000001101
0001000000011111000000000000000000001011
1101100000011010000000000000000000000000
0010000000010110110000000000000000000000
1011000000110000110100000011100000000000
0100000000000000100111011011110000000000
0000000000000000111000000001111100100000
0101100000000000000001011000000101100000
0101100000000000111000000000000111010111
0011100000000000011000000000101111000000
1110000000000001111000000000000111100001
0101100000000001111000000000001011000000
0000000000000001100000000011100000010011
1100100000000000111100000110010000000011
0000000000000001101000000000000000001110
0011000000000001101100000100010000011101
0000011010000001101100000010010000010101
0000010010000000111000000110110000011100
0000001111000000100110111111000000010010
0000000111000001110101110000000000011010
1011111010000001100111010100011111000111
1110100000000001000001011110010011100000
1101010111000000000000000111100000000000
1011111101000000010000000110010000011101
1110010110000000100100000011000111000101
0000000000000001111000000000001110100000
1000100000000000000000000111000010000000
1011100000000000101000000000001111000000
0101100000101010101000000010110111110011
1110000000100010000000000100101110100000
0000000000011011100100000001111110100000
0000100000111000000001000001011001110111
0000000000101010000010111101010111010111
0000000000011111111000000011110001100000
0101000000000001010100000101110000000001
1110100000110111001000000111010000001001
1000100000100010101000000100011011100000
0000000000000001111000000000001110100000
0000000000000001111000000000000000000000
0000000000000000111100000010101110000110
0000001000000000111000000011110000000100
0000000110000001110100000111010000011011
0000000111000000000000000110100000000110
0000000000011110000000000110110000001001
0000010000001100101100000010010000000001
1110000000110001100100000001100000010111
0000000000000001000000000000000000000011
0000000000000001110000000001110000001110
0000000000000000010000000100110000000001
0000000000000001000100000101000000001101
1001000000000000000001011110100000000000
0101011011000000000000000011111101010111
0111100000001010000000000011000000011101
0011000000000001001000000011100000010111
0111100000000001101000000110110000001100
0101000000000001111000000000000000010111
0010100000000000101100000110010000000000
0000000000000000000000000100010000011010
0101001000000000101100000100000000001110
0110110101000001010100000000000000000000
0000011010000000010100000010110000000000
0000001110000001010100000000000000001110
1011001110000000100000000001000000011011
1010110110000000011100000001010101101110
1110000000000001001000000101011011101010
1010100000000000100000000110000000000110
0011100000000001111000000100100000010111
1010100000000000000000000000000110100111
0000000000110110111000000000110000001010
0000100000000000100000000000000101111101
1010101101000001010110110101111010101001
1101000000000001101010111011011111000000
0000000000110110111010000110111000000000
0000000000000001010100001011001000101110
0000000000000000111100000000001101110011
0000000000000001001000000011010000000111
0000000000001011010100000001110000010101
0000000000001010000000000001000000000110
0110000000000000111100000101100000010110
0011100000000000011100000010110000000100
0000000000100011111000000110010000011110
0011100000100101001100000100101000010001
0000000000010000000000000101110001010111
1101000000000001111000000011010111110111
0000000000000001111000000100110000010111
0101000000000000101100000000000000011010
0000100000110110000010100000000000011101
0111101011000000000010111011000000010011
0100111101000000000001000111100000011000
0000000000000000011100111000000110000111
1101100000000001101000000000000000001101
0000000000000001110000000000000000001111
0000000000000000001000000000000000011000
0101100000000000001000000000001001111010
0000000000000000000000000000001011010011
0000000000000000000000000000000101000101
1011100000001100000000000000001001100000
0101100000000001101000000000000000000000
1001100000000001001100000011010000000000
0100100000000000101100000010100000000000
0101101010000000110100000001110000001011
0000010100000000000000000000000000000000
0000000000000000000000000000000000000000
0000011101000000000000000000000000011101
0000000000000000011100000000000000000000
0101100000011001010000000000000000010111
0000000000000000100000000110110000000101
0000000000000001000100000000000000011011
0000000000101110000000000000000000000000
0000000000110100010000000000000000000000
0000000000101111101000000000000110100000
0000000000011110011100000110100000001110
0000000000001100111000000001110000011010
1101100000000000010100000111010000010111
0100000000000000000000000100110000001111
0000000000000001110100000011101010100000
0110000000000001110000000010010101101111
0111100000000000010000000000000000010111
0000000000000001110000000000000000010101
0000000000000000100100000000000000010101
0000000000000000100100000000000000001111
1110000000000001010000000000000000011010
1101000000000001101000000111010000010111
0110000000000000011100000100010000010111
0000000000000000011100000111000000000000
0000000000000000100100000101000000001110
0000011010000000010111011110110000000000
0001001011000001000111011000000000000000
1110111011000001011010101000000000000111
0000011101000000101000000000000000010111
0000010101000001110100000000001001011100
0000010111000001010100000000000111001011
1010000000000001110000000000000000001010
0000000000110110101110011000000101111000
0000000111000000100110111100110010111100
0000011001000000000010110010011011010111
0111100000000000000011000110100000001010
0010000000000000000001001100110000011101
0000100000011101101011110000001110110000
1010100000101110111110111000001011000000
1110000000011011111000111000000000011010
0000001110000010000000100000001010010111
1110000110000000000000000000100000011010
0100101101000000000000000101110000010110
1001011110000000000000000000000000000101
0000010000000001011000000000000000000000
1110000000000001111000000000000000010111
1001100000000001110100000001100000010011
0010000000000000000000000010110000011110
0000000000101101010000000001110000011101
0000000000011011101100000110110000010010
0000000000011011111000000011101001101011
0000000000000000000000000011010110010110
0000011100000000000000000101011001111101
1000101010000000000000000101110000000001
1001011011000000000100000101100000000000
0000011100000001011100000000000101100000
1011000000000001101100000000001011011010
0000000000000000100000000000000111000000
0111000000000001001000000111100000000000
1111010010000001010100000001011101100000
0011100000000001010000000111010000010011
1110100000110110010000000000000111000001
1001100000110101001101110100001111000110
0000000000111000011010110001111000111010
0000000000011011111000000100010001101110
0011010110110101110100000111101001010101
1011110011101000000000000000000101101100
0011101011011100000000000000001101010111
0000010110110010000000000000001010101101
0011000000011011101000000000000000010111
0001100000110000000000000110010000010011
1010100000000001001101110001110000000100
1011000000000000011111001000000000001110
1100100000000000000001101000000000000001
1001100000101011111001011000000000011100
0000011100101110110000000000000010001111
0000011011000000100000000101011010011010
0000111110000000100100000111101010100011
1110100000000000111000000111000111111011
0100100000110110101100000000001010101101
1101100000111100001000000000001010100111
1010100000100010100100000000001010101100
0000000000111011101000000000000000001110
0000000000010010000000000000000000010110
0000000000100000000000000001110000011100
0000000000110010000000000011100000000000
0000000000000000000000000000111000000000
0000000000000001010000000010001000100000
0000000000101010100000000000010101100000
0000000000000000111100000000000110101110
0000000000000001110100000000000001101111
0000000000000001011100000000000000010011
0000011011000001111000000000000000000000
0000011100000000000000000110100000000000
0011100101000000000000000110101010100100
0000010101000001100111000000000000011010
0000000011101000111100000000000000011010
0111000000000111101000000001110000010111
0011100000000001111000000110110000110000
0000000000000001000100000011111011001011
0000000000000000000000000000001100101011
0000000000010110101100000000000010110000
1111000000100000000000000000000000011100
0001100000000000000000000001110011011000
0000000000011110000000000011110010011001
0000000000001001110100000110111010001110
0000000000000000000000000100110000011100
0000000000000001010100000001100000001100
0000000000000001111000000100000000010111
0000010111000000010100000100110000011110
0000000000101001111000000111100000010111
0000000000101111011000000101100000001110
0000000000111010001000000000110000011010
0000000000110111011100000001100000011101
0000000000110100000000000111100000001101
0000000000011010100100000000000000011010
0000000000110011101100000000001110100000
0000000000111010100100000000000000011101
0000000000100110000000000000000000001111
1101100000000001101001101000000000000000
0111100000000001110000000000000000001110
0000000000000001111000000000000000010011
0100100000000000010100000001110000000010
1011100000000000001000000101010000001101
1011000000000001010101111000000000011001
0000000000111101101100000000000000000000
0000000000100100101100000000000000000000
1101000000011011111000000101010000011101
0111100000000000011000000001110000001100
1010110100000000011100000101000000000000
0111000100000000000000000000000000000001
1111011101000000100100000000000000010011
1011111000000001110100000001100000011101
0000000000000001110100000101110000001010
0000000000000000011000000000000000010001
0000000000000001001100000000000000000000
1010000000000001101100000000000000010011
0000000000000000011100000010011101100100
0000000000101011001101110110111100011100
0000000000000000000011110100010000001001
0000000000000001001111101111000000010101
0000000000001010000011110111000000001111
0000000000010000100001111110100000000001
0000000000000001010111101011000100000000
1011000000000000111100010000000000011010
1100100000000001100110011000001011100000
0000000000000000000000000000000000010111
0000000000000001011001110000000000001110
0001000000000000000011101000000100111001
1101010110001001011000111000111111001111
0111110101000000000001101011111011110111
1110001010100100100010011100010000001100
0110010011100110000000000100100111101101
1001101110000001001000000000110000000000
1010100111110110000010000110110000000000
1100010011101111001010001101110000001111
0000010100111000010100000001100000000000
1001000001111000010000000101010000001010
0000011110001000011100000001110000011000
0000000000000001001100000001110000000001
1000000000000001101100000110010000001001
0000000000000000000000000100110001000111
0000000000000011101000000100101001000000
0000000000000000101000000000000010001110
0000000111101001001000000100000110100000
0000011110000000000000000010111100100000
0000000000000000000000000111010000000100
0000000000100000000000000000000000010011
0000000000000000111101101000000101101110
0000000000000001111000000000000000010111
0000000000000001111000000000000000010111
0000000000000000001000000000000000010111
0000100000000000011100000000000000001011
1101100000000000100000000111100000011110
0000000000000001100100000010010000010111
0000000000111100000000000101100000010110
0000000000110110010100000000001110101001
0000000000110110001000000000000100100000
0000000000000000111100000000000000100111
0000000000000001010000000001001110110001
0011100000000001111000000000001001100000
0000000000101011001100000010001101001000
1000000000010010000000000000001100100000
1110000000111000110100000000000010101001
1111000000000010000000000000001010000100
0000000000000000111000000111100000000000
0000000000101111010100000110110000011001
1101100000101100000000000000000000000000
1110000000111100000000000000000000010010
1011000000000000000011100100100000001100
1011100000010100001010011000000000000000
1101100000000001111000111000001111011001
0000000000011110100000000000001010100000
0000000000011111101000000110010000011001
0000000000001110011100000111010000000000
1011100000111001100100000011010000001011
0000000000000000000000000101101010111010
1110000000000000000000000101101011101101
1110000000000000101100000100110000001100
1110100000000000110100000110110000011010
0000000000000001001100000000000010100000
0000000000000000000000000011111001100101
0001010101000001111000000001110000010111
1101011011000001100100000000000010101011
0000000000000000001000000000001100101010
0000000000011000000000000000000010000101
1110000000011101001100000000000000011011
1100100000001110010100000000000000010111
1011100010000001110011010000000000000000
1101100000000001010101011000000000000000
0000000000000110000011010000000100101111
0000010011000000000000000000000011000000
0000000011000000000000000000000000100000
0000010110101010100000000010010111000001
0000001101110001001100000111000000010110
0101010010110110000000000110100000010111
0011101110011001000100111000000110011100
1111000000000101101000000000000000101011
1100100000000001001000000000001000000000
1110000000011010000000000000000000001101
0000000000111100101000000010000000011010
0111100000000100100100000011100000011100
0000000000100100000000000101100000000000
0000000000101110001000000000000000001100
0000000000000000100100000100100000000000
0000000000000000110100000000000000000000
0000000000001000110111011000000000011010
1001000000011111011111011000000000000000
0111100000110011101011001000000000000000
0100100000110100011100000111100000011011
1000000000000001000000000101000000000000
0000000000100010110100000110100000011010
0100000000000001100100000110100010011010
1110000010100011010100000010011111000000
0000000111100100000000000100011010000000
0000000000101100000011010111000000000000
1111000000000000111100000011100000000111
1111000000000000100101110001110000001111
1101100000000001101101001000000000000000
0100000000000001100100000100000000000000
0000000000101001000100000000000000000000
0101100000101101111000000000000000011001
0000000000000001010100000000000000010100
0000000000000001010100000001000000000001
0000000000000000000000000010101011100000
0000000000000000110000000100110000010001
0000000000000001100001000100000110110111
0000000000000001100111001000000100110110
0000000000000000011000000000001110100000
0000001111000001111000000000100000011100
1001101110011110011100000110110000000000
0000011001110001101100000000000000000000
0000000110110000101100000101110101111010
0000000000101010000000000110010000000111
0000000000000000000000000111000000000011
1110000000000000000000000111010000011100
1100100100101010000000000000100000000000
0000010011110100000000000010010000000100
0000011011001010000000000110010000000110
0000010101110100000000000110000000000000
0000010011000000000000000000000000000000
0000010001000001010100000000000000001101
0000011001000000000000000000000000001011
1100101111001110000001111000000000010111
0000011110101110000001010011010000001001
0111000000111001010100000110110000010101
