0000000000000000100000000000000000000000
0000011110000000000000000001100000000000
0000011110000001101100000001111010000100
0000001100000001110000000110000000010111
1110010011000000011100000000000000010010
0000010011000001101100000000000000011010
1001100101000001001100000000000000010111
1001100010000000000000000010000000010000
1010100000000001110100000000000000000000
0011000000101100001000000010110010100010
1111000000000000011000000101000111000000
0000000000000001001000000110110000100000
0000000000000001001100101000000110000000
0000000000001110000000000000000000011101
0000110000101110100000000001110000001011
1011010001010101110100000010110000001101
0000000000000000011000000110010000011100
0000000000000000101100000000110000000000
0000000111000001111000000000000000000000
0000000110101110000000000000000000000000
0000010100010101001000000000000000000000
0000011101000000110101001000000000000000
0000010110000000110100000100100000000000
0000010111000001000000000001111011110000
1100101111110000000000000001110010011001
1110101111000000000000000001110000000001
0011100111000000000000000111000000000000
1100100000000001111000000000000000010111
1001000000000000100100000000000000000000
0111111011000000000011000110110010000000
0000011100000010111000000110010000000000
0000001011011010000000000010000000010111
0000001011011101100100000001110000011100
0000000000000000001000000101110000000000
0000000000011001011000000000000000000001
0000000000000111111000000110010000000111
0000000000000010011100101000000000000000
0000000000001100000001110100110000001101
0000000000100110111011010001110000010011
0000000000000110000110110101100011000110
0000011100101111011100000001110000000001
0000000101101101001101111000000000000000
0000001000000001011001011000000000000000
0000010011000000110000111000000000001110
0000000000000000100000011011010000001001
0000000000000001000101111111010110110011
0000000000111010000011110111001100001110
0000000000110100000001110111100000000111
0000000000111000000010110001100000011010
1000100000010110000001111000000000001000
1110000000010010010100111100000000000000
0100000000001011001000011011000000000000
0100000000011111110001100011110000000110
0000011101000000011111001001110011001011
0000011011000001001101111010010010000101
0000001111000000000011100000100110100010
0101111011000001101111110100011011100001
1001000000000001000100000000000001110111
0000000000000001011000000000000000010110
0110000000000000010000000110010000000000
1101000000000000000000000101111011000000
1101100000000000011100000101010000000000
1011000000000001101000000111100000011001
1100100000000000100100000111100000011011
0000000000000000000000000101000000011001
0000010010111100000000000000001111000011
0000000000010110000000000000000111000111
0000011001000000000000000000001010100101
1011101101000110000000000000000111010111
0000000111010000000000100000000001010010
0000000000000000110100000000000001100100
0000000000000001010100000000000000001101
0000001011000000111000000011010000001001
1111001011000001111000000011000000011000
0000010101000001001100000011100000001110
0000000010000001110000000000000000010111
0000011101000000101100000001110000000000
0000001110000000100000000011010000000001
0000010011010100000000000110110000000010
0000001011000001011000000000000000000001
1011011110000000101100000100100000001111
0001011010000010010111100010110000010001
1100111010111100100001011000000000000000
0000000000110110001100111000000000000000
0010100000000000000010110000000000000000
1001000000000000000010110000000000001101
1101100000000001110000000100100110110010
0101100000110011001100000111100110110011
0000000000000000110100000001111101010101
0000000000000000000000000000001011010110
1000100000000001111000000100000000000000
0001100000010001001011001110100000010000
1100100000100010010101101001110000011110
1100100000010110000010011010010000011010
1110000000000000000000000001110000010111
0000000000000000000000000001110000000011
0000000000000001001100000010110000000000
1010100000000001001100000101110000000000
1011100000000000000000000010010000001001
1001000000000000000010010011010000011010
0000011101000001111000000100100000010111
1110101011111101111000000100110000010111
0111010110111010000000000001110000011000
0010010110101010000000000111010000000000
0001010110101011001100000001100000000000
0111100000011110101100000110010011010011
1101100000001111010100000000001010000000
1001000000010111110000000011111000100000
0000000000011101000100000000000110010001
1100100000000000000000000000001011111011
1010100000000000011111110000001011010111
1110100000000001001111110011110101101111
1110000000000001010001100111000101110110
1011000000000000000010110100110000111001
0000000000000000000001101110110001000011
0000000000000000100011010011010001001111
0010000000000000000010010111000000001111
1101100000000001100111011000000000011000
0000100000000001110100011000000000001110
0011100100000000000001101000000000010111
1111000000110101000111110010100000011011
1101000000010010010101011011010000011011
0000000000100100111110110000000000001011
0000000000111000000000000111000000010010
0000000000101110000000000011110000011000
0000000000011110000001010000000000011000
1000100000101100000000000010110000000000
0000000000001110000000000110010000011011
0011000000000000000000000000000000000110
0001000000000001111000000000000000011010
0000000000000000000000000000000000011101
0000000000000000011100000000000000011001
0000000000000000011000000000000000010111
0000000000000000000000000000000000000100
1110000000000000000000000011110000000000
1010010101000000000000000001110000011101
1010100101000000000000000000000000001101
1110001101011100000011000000000110000000
0000100011000001111000000000000000011101
1000100100000000000000000000000000001011
1001100000000000000000000000000000001111
0000000000000000000000000000000110000000
0000000000000001110000000000000000011000
0000100000000000000000000100010000001001
0110000000011110000000000011010000000000
0000000000011111110000111011010000000000
0000000000110011101011000110110000000000
0011100000101010000000000111100000000000
1001100000001100000000000000000000000111
1010100000111010000000000000001010101110
1111001010101110000000000000000000000000
0000010101100011100100000000001101000000
1001110111011110011100000000101101111100
1101110001111001110000000101011001001110
0000011110101100111100000011110110111101
0000011010011000111000000100010101111100
0000101110111101110100000000000100101111
1101110101101111110100000000001000010111
0100111010111101110000000000000110000001
1000100111111000000000000101101100111100
0000000110000000000001000001010000010111
0000000000000001011110111100010000000010
0000000000000001010100110111101011011101
0000000000000001110110111110100000000000
0000000000000000000011100000100000000001
1110000000000001010111010010110010010111
0000011001000000001000010000001010111011
0000001001000001101000000000000100010010
0000010100000000000000000001110000001001
0000011101000000000000000000000000000000
1101111011000000001000000000000000000000
0000010101000000011000000100110000000101
0000010111011010011100000000001000010001
0000011001101101111000000111100000001110
0100001110101100111000000110111110100110
0000000101110010000000000010111111011001
1110010110000000000000000100111110010001
1011111101000000110100000101011110010100
0110000000000001101100000100010000000000
0000000000000001001000000000000000000000
1001100000000000000000000011110101010011
1110001101000000011100000011010000000000
0000010001000000000000000001110000000000
0000010110000000101000000000000000010100
1010101101000001101100000000001110110111
0000000000000001001100000000001011001011
1110000000000000000000000000001100001110
0000000000000001111000000000000010010100
0011000000000000010000000111010000011100
0000000000000001101100000001110000000000
1110000000000000111000000010110000000000
0000000000000000000000000001110000000000
0000000000000001000100000110100000000000
1011100000000000000000000111011101000000
0000000000000000000000000000000000000000
0000000000000000000000000000001011011011
0001000000000001010100000000001011110010
0000000000000000100000000001001101010000
1000100000000000100100000110110010100000
0101100000000000111000000110101001111011
0101000000000000100000000111101011000000
1101000000000000000000000001001111000000
1011001101000001100000000000000000000000
0000110101000000000001010110100000000000
1110000100000000101110001101000000000000
0000011010000001110100111100100000001101
0000001011011000101100000111000000011101
0000011100110111111000000011100000011011
0000001110101100110100000001000000001101
0000000000001101001100000100110000011011
0011100000000000000000000000000000000000
0000000000000001111000000110100000000000
0000000000000001011100000010110000001101
1001100000000000000000000100100000000000
1101000000000000000000000000000000000000
0010000000000000000011010110100000011100
1101100000101100101100000001110000000000
1000000000000000000000000101000000010100
0000000000000001001000000000000000011100
0000000000000010101100000101110000011010
0000000000000000000011011100000000001001
1011100000000000000011101111000000000100
0101100000000000100101011010111010000000
0110000000000001001000000101100110000000
1101000000000001111000000101100111101010
0001100000000000111000000000001011000000
1011100000000001001100000111101111010100
1100000000000001011000000000110000011001
0001100000000000011000000000000000010111
1011100000000000110100000000000000011000
1101000000100111111000000000000101110001
0000110100001011100000000000000101100000
1100110001000000001100000000001010100000
0000001100000001001100000000001010100000
0100100000110010111000000000000111101010
0101000000000001110000000000000000001011
0001000000000001101100000101100000001110
0101100000000001100000000111010000011010
0000000000000000000000000001110000010111
1100100000111010000000000010000000000000
0000010110101101100100000101010000000111
0000010101011111001000000000000000000000
0010101011011001010100000101010000000000
0000011001101010101000000110011000000000
0000000000000000110100000110111110000100
0101100000000001111000000111001101001011
0111100000000001111000000010001101111011
1110000000000001111000000111100011101110
1111000000000001110100000100001011000000
0110000000000000101100000011001101011100
