000000000000000010000000000000000000000000000000000000000000
000001111000000000000000000110000000000000000000000000011001
000001111000000110110000000111101000010000000000000000000000
000000110000000111000000011000000001011100000101111110101101
111001001100000001110000000000000001001000000100100011100000
000001001100000110110000000000000001101000010110110000000011
100110010100000100110000000000000001011100000110110000011000
100110001000000000000000001000000001000000000000000000011101
101010000000000111010000000000000000000000000000000000011001
001100000010110000100000001011001010001000000000000000010111
111100000000000001100000010100011100000000000011001001001101
000000000000000100100000011011000010000001011010100000001010
000000000000000100110010100000011000000000000000000000010101
000000000000111000000000000000000001110100000000000000000000
000011000010111010000000000111000000101100000000000000000010
101101000101010111010000001011000000110100000000000000000000
000000000000000001100000011001000001110000000000000000001100
000000000000000010110000000011000000000000000110100000010011
000000011100000111100000000000000000000000000111100000000000
000000011010111000000000000000000000000000000001100000000000
000001010001010100100000000000000000000000000000000000000001
000001110100000011010100100000000000000000000000000000001110
000001011000000011010000010010000000000000000101011011011101
000001011100000100000000000111101111000010001101000000010101
110010111111000000000000000111001001100111100101010000010110
111010111100000000000000000111000000000100101011010101010101
001110011100000000000000011100000000000001011000000000001101
110010000000000111100000000000000001011111100000000000011001
100100000000000010010000000000000000000011110000000000000000
011111101100000000001100011011001000000010110000000000000000
000001110000001011100000011001000000000001100100000000010000
000000101101101000000000001000000001011101110000000000001010
000000101101110110010000000111000001110010110000000000000000
000000000000000000100000010111000000000001100000000000000011
000000000001100101100000000000000000000100000000000000001111
000000000000011111100000011001000000011100000101000000000000
000000000000001001110010100000000000000010111000000000000000
000000000000110000000111010011000000110101010000000000010010
000000000010011011101101000111000001001101000000000000010001
000000000000011000011011010110001100011000110000000000010111
000001110010111101110000000111000000000110111000000000000000
000000010110110100110111100000000000000011010000000000000000
000000100000000101100101100000000000000000000000001100100000
000001001100000011000011100000000000111000001000000101100010
000000000000000010000001101101000000100111101000001101011011
000000000000000100010111111101011011001100110000000000001111
000000000011101000001111011100110000111000000000000000010110
000000000011010000000111011110000000011100000000000000011101
000000000011100000001011000110000001101000000000000000010111
100010000001011000000111100000000000100000000000000000010001
111000000001001001010011110000000000000000000000000000010001
010000000000101100100001101100000000000000000000000001010000
010000000001111111000110001111000000011000000000000000001001
000001110100000001111100100111001100101110010010110000001100
000001101100000100110111101001001000010111000010000000001100
000000111100000000001110000010011010001010110000000111000000
010111101100000110111111010001101110000100011000000000010010
100100000000000100010000000000000111011110111000000111010001
000000000000000101100000000000000001011001011000000000000101
011000000000000001000000011001000000000001010000000000001111
110100000000000000000000010111101100000011011000010000011000
110110000000000001110000010101000000000010101000000000010000
101100000000000110100000011110000001100101101000000000010110
110010000000000010010000011110000001101100000000000110100000
000000000000000000000000010100000001100100000000000000000000
000001001011110000000000000000111100001100000011001100100001
000000000001011000000000000000011100011100000000001101000000
000001100100000000000000000000101010010100000000000000000000
101110110100011000000000000000011101011100000000000000010110
000000011101000000000010000000000101001000000010110000011001
000000000000000011010000000000000110010000000111000000000000
000000000000000101010000000000000000110100000011010000000000
000000101100000011100000001101000000100100101101000000000000
111100101100000111100000001100000001100010111000000000010001
000001010100000100110000001110000000111010111000000000000000
000000001000000111000000000000000001011100000000000000000011
000001110100000010110000000111000000000000000000000000011100
000000111000000010000000001101000000000100000000000000010111
000001001101010000000000011011000000001000000000000000000011
000000101100000101100000000000000000000100000000000000011101
101101111000000010110000010010000000111100000000000000000111
000101101000001001011110001011000001000100000000000000000000
110011101011110010000101100000000000000000000000000000000000
000000000011011000110011100000000000000000000000000000000000
001010000000000000001011000000000000000000000000000000000000
100100000000000000001011000000000000110100000000000000011101
110110000000000111000000010010011011001000000000000000010100
010110000011001100110000011110011011001100000000000100010011
000000000000000011010000000111110101010100000000000000011010
000000000000000000000000000000101101011000000000001000010101
100010000000000111100000010000000000000000000000001011100101
000110000001000100101100111010000001000000000000001101000000
110010000010001001010110100111000001111000000000000010110001
110010000001011000001001101001000001101010100000000000010001
111000000000000000000000000111000001011101111000000000010000
000000000000000000000000000111000000001101111000000111100110
000000000000000100110000001011000000000001011000000000001101
101010000000000100110000010111000000000001111000000000000000
101110000000000000000000001001000000100111001000111000100000
100100000000000000001001001101000001101001110110001101100100
